"शीर्षक","विवरण"
"एमालेकांग्रेसकै टक्कर","प्रारम्भिक परिणाम हेर्दा पहिलो चरणको निर्वाचनमा एमालेसँगको अन्तरलाई कांग्रेसले घटाउन सक्ने छनक देखिएको छ । किनभने पहिलो चरणको निर्वाचनमा पनि प्रारम्भिक अग्रता जसरी सुरुवात भएको थियो, परिणाम पनि त्यही शैलीमा निस्किएको थियो । यसपटक दुई दलको अग्रतामा झिनो मात्रै अन्तर छ । पहिलो चरणको निर्वाचनमा एमालेले १ सय २५ स्थान, कांग्रेसले १ सय ४, माओवादी केन्द्रले ४६, राप्रपाले १ र अन्य दल र स्वतन्त्रले ६ वटा स्थानीय तहमा प्रमुख जितेका थिए ।"
"प्रधानन्यायाधीशमा पराजुली सर्वसम्मत","चार दशकभन्दा बढी न्याय क्षेत्रमा बिताएका पराजुलीले न्यायालयमा अन्यत्र जस्तो करिस्मेटिक लिडरसिप ले मात्र काम गर्न नसक्ने बताए । हाटहुट गरेर मात्र अदालतभित्र सुधार हुँदैन । पद्धति भंग हुन दिनु हँदैन । अदालतका समस्यालाई मसिनो ढंगले केलाई समाधन गर्नतिर लाग्नुपर्छ, उनले भने, मेरो ध्यान त्यसतर्फ केन्द्रित हुनेछ । आफू नेतृत्वको न्यायालयमा स्मार्ट जस्टिस सिस्टम लाई व्यवहारमा लागू गर्ने उनले बताए । अहिले मुद्दा सुनुवाइमा भइरहेको ढिलाइ कम गर्न फरक पद्धति अपनाई अघि बढ्ने तयारी भइरहेको पराजुलीले बताए । प्रविधिको व्यापक प्रयोग गरी जनतालाई सहज र छिटो न्याय दिलाउन लागिपर्ने छु, उनले भने । यसअघि न्याय परिषद्ले पराजुलीको नागरिकता र शैक्षिक प्रमाणपत्रमा भएका फरकफरक विवादलाई टुंग्याएको थियो ।"
"५३ भोट हाल्ने महिला","३५ जिल्लामध्ये ताप्लेजुङ र कपिलवस्तुमा मात्रै पुरुष मतदाता बढी  दोस्रो चरणमा महिला प्रतिस्पर्धी ४० प्रतिशत  पहिलो चरणमा ४० प्रतिशत पदमा महिला विजयी"
"शर्मासँग ३ अर्ब धरौटी माग","अनियमित ढंगले उक्त रकम मिनाहा दिइएको फछ्र्योट आयोगमाथि आरोप छ । केही दिनमा उनीविरुद्ध मुद्दा दायर गर्ने तयारी छ, आयोग स्रोतले भन्यो, हालसम्म १ सय २० फाइलको अध्ययन पूरा भइरहेको छ । यसका आधारमा करिब १० अर्ब बिगो कायम हुने निश्चित भएको हो । बाँकी फाइलको अध्ययन चाँडै पूरा गरिसक्ने स्रोतले दाबी गर्यो । करिबकरिब बयान सकिसकेको छ । शर्माले अनियमितता नगरेको जिकिर गरेका छन् । तर, औचित्य पुष्टि गर्न सकेका छैनन्, स्रोतले भन्यो ।"
"साउदीमा रहेका गोठाला आधारभूत अधिकारबाट वञ्चित","ती क्षेत्रमा कार्यरत नेपालीको दूतावाससमक्ष सम्पर्क हुन सकेको छैन । कतार र साउदीस्थित नेपाली दूतावासले साउदीको भरुभूमिमा अलपत्र परेका गोठाला र किसान सम्र्पकमा नआएको जनाएको छ । अहिलेसम्म अलपत्र परेर समस्या परेको भनेर सम्पर्कमा कोही आएको छैन, साउदीस्थित नेपाली दूतावासका उपनियोग प्रमुख आनन्दराज शर्माले भने ।"
"किसानले असारे गाउँदै भने' आधुनिक प्रविधि चाहियो '","असार १५ अघि राजधानीका रैथानेहरूले जात्रा, पर्व र सरसफाइ कार्यक्रम परम्परागत रूपमा मनाउँछन् ।"
"भूकम्पपछि खानेपानीको हाहाकार","आफ्नो इनारसमेत सुकेपछि स्थानीय बासिन्दाले छिमेकीबाट पानी मागेर गुजारा चलाएका छन्"
"३ अर्ब लाग्ने अनुमान","डिजाइन र लागत अनुमान तयार  भत्केको धरहरा यथावत रहने"
"पुनर्निर्माणपछि विद्यालय हस्तान्तरण","९ कोठा भएको २ तल्ले भवन फ्रान्सका राजदूत युभिस कारमोनले विद्यालयलाई भवन हस्तान्तरण गरे । हाल १ सय १५ विद्यार्थी रहेको विद्यालयमा भूकम्पले क्षति पुर्याउनुअघि १ सय ५० विद्यार्थी रहेको विद्यालयका पूर्वप्रधानाध्यापक उद्धव जमकट्टेलले बताए । भवन अभावका कारण विद्यार्थी घटेको उनले बताए । नयाँ भवन पाएपछि विद्यार्थी संख्यामा वृद्धि हुने आशा गरिएको प्रधानाध्यापक पूर्ण तामाङले बताए । भवन हस्तान्तरण कार्यक्रममा राजदूत कारमोनले विपत्पछि बालबालिका शिक्षाको अधिकारबाट वञ्चित हुन नहुने बताए । उनले भूकम्प प्रतिरोधी भवनमा सहज ढंगबाट विद्यार्थीले शिक्षा प्राप्त गर्ने विश्वास व्यक्त गरे । कार्यक्रममा चाँगुनारायण नगरपालिकाका प्रमुख सोम मिश्रले शिक्षाको सम्पूर्ण जिम्मेवारी स्थानीय तहमा आएकाले नगर क्षेत्रभित्र गुणस्तरीय शिक्षा प्रदान गर्ने गरी वार्षिक कार्ययोजना तयार पारी कार्य गर्ने बताए ।"
"थबाङमा सहजै मतदान","मतपेटिकामा एसिड रोल्पा नगरपालिका१० स्थित जनता आधारभूत विद्यालयमा भने केही बेर मतदान रोकियो । बिहान १० बजेतिर केही थान मतपत्र जलेको पाइएपछि ४ घण्टा स्थगित गरिएको थियो । मुख्य निर्वाचन अधिकृतको कार्यालयका अनुसार मतपेटिकाभित्रै कसैले एसिड हालिदिएको थियो । त्यति बेलासम्म करिब १ सय ५० जति मत खसिसकेका थिए । मतदाता बनेर कसैले एसिड खसालिदिएको हुन सक्छ, अनुसन्धान जारी छ, कार्यालय स्रोतले भन्यो, तैपनि पुन: मतदान सम्पन्न भइसकेको छ । चार घण्टा स्थगित मतदान सर्वदलीय सहमतिपछि पुन: सञ्चालन गरिएको थियो । जिल्ला निर्वाचन अधिकारी लीलु गिरीले पुन: सञ्चालित मतदान निर्धारित समयअघि नै सम्पन्न भएको जानकारी दिए । थबाङमा पनि निर्वाचन चिह्नबारे विवाद बढेपछि केही बेर मतदान स्थगित भएको थियो ।"
"एमालेमाओवादीबीच झडप","प्रहरी निरीक्षक रामबहादुर चन्दले भने, हामीले कसैलाई नियन्त्रणमा लिएका छैनौं । छलफलका लागि दुवै पक्षलाई बोलाएका हौं । झडपले उग्ररूप लिएपछि प्रहरीले लाठी चार्ज गरेर स्थिति नियन्त्रणमा लिएको उनले बताए ।"
"मतपेटिका गाउँमै","मौसम प्रतिकूल भएपछि याङ्माका मतपेटिका हेलिकप्टरबाट ल्याउने प्रयास विफल"
"मधेसको तनावमा चुनावको प्रभाव","६ वटा प्रदेशमा दुई चरणमा गरिएको स्थानीय तहको निर्वाचन उत्साहजनक र उल्लासपूर्ण भयो भनेर निश्चिन्त भइहाल्न भने सकिँदैन किनभने, माथि भनिएझैं ७ माघको म्याद निरन्तर नजिकिँदै छ । निर्वाचन भएकोमा प्रसन्नता व्यक्त गर्दागर्दै पनि भन्नैपर्छ, स्थानीयको पहिलो र दोस्रो चरणको निर्वाचनमा निर्वाचन आयोगको कमसल तयारी र रवैयाले धेरैलाई खिन्न बनाएको छ । अरू दुई तहका निर्वाचन र प्रदेश २ मा तीन तहकै निर्वाचन सम्पन्न गर्नु कम चुनौतीपूर्ण छैन । साथै, यी दुई चरणमा निर्वाचन संहिताको प्रशस्तै उल्लंघन भएको छ । आयोग आयोग नभएर सरकारको एउटा कारिन्दाजस्तो हुन पुगेको छ । अब लगत्तै आउने निर्वाचनमा अहिले भएका त्रुटि किमार्थ दोहोरिनु हुँदैन । त्यस्तै, प्रदेश १, ५ र ७ का तराईमा जस्तै मध्यपूर्वी तराईको तनावलाई कुशलतापूर्वक निर्वाचनमा अनुवाद गर्न सक्नुपर्नेछ, अन्यथा जो जसका कारणले भए पनि देशको यो भागले आफू पृथक पारिएको महसुस गर्न सक्छ ।"
"उत्साहजनक सहभागिताको अर्थ","दुई चरणको स्थानीय निर्वाचनमा मतदाताले देखाएको विश्वास प्रतिनिधि र प्रदेशसभाको निर्वाचनका लागि प्रेरकसमेत हो । त्यसैले सरकारले तेस्रो चरणको निर्वाचन तयारीसँगै प्रतिनिधिसभा र प्रदेशसभाको निर्वाचन मितिसमेत घोषणा गरेर अघि बढ्नुपर्छ । यी तीनै निर्वाचन संवैधानिक व्यवस्थाअनुसार माघ ७ अघि नै सम्पन्न हुनु जनप्रतिनिधिद्वारा लिखित संविधान कार्यान्वयनमा महत्त्वपूर्ण प्रगति हो र यसले मुलुकमा राजनीतिक स्थायित्व सुनिश्चित गर्छ ।"
"काठमाडौंको जाम कसरी कम गर्ने ?","नेतालाई पनि कुनै पीर छैनजिते पद पाउँछन्, हारे चन्दाको पैसा जान्छमलाई पनि केही पीर छैनजसले जित्छ उसैको समर्थक बनुँलाउसैको पछि लागेर उफ्रिँदै जिन्दावाद ! भनुँला । इन्द्रकुमार श्रेष्ठओखलढुंगा"
"निर्वाचन परिणामको चेतावनी","फ्रान्स र इजिप्टका उदाहरणबाट सिकेर प्रमुख पार्टीहरूले जनमतको ब्रह्मास्त्रसँग डराउने बानी बसाल्नु हितकर हुन्छ ।"
"प्रदूषण नियन्त्रण शुल्कको औचित्य","जनताले प्रदूषण नियन्त्रण शुल्कबापत तिरेको करको उपयोग कहाँ, कसरी भएको छ, त्यसको जानकारी लिन पाउनुपर्छ ।"
"बसबाट फोहोर कता फाल्ने ?","एक महिनामात्रै यो विषयमा सरकारको सम्बद्ध निकाय, यातायातकर्मी र यात्रुले सचेत भइदिए हाम्रो व्यवहार बस्छ । यतिबेला सार्वजनिक सवारीभित्र धूमपान गरेको भेटिँदैन । कसैले भित्र धूमपान गरे यातायातकर्मी र अन्य यात्रुले पनि नगर्नुस् भनेकै देख्न पाइन्छ । एक दशकअघिसम्म यात्रामा सवारीसाधनभित्रै धूमपान गर्नेहरू भेटिन्थे । त्यो व्यवहार अहिले परिवर्तन भएको छ भने फोहोर निश्चित स्थानमा तह लगाउने बानी पनि बसाउन सकिन्छ । कुनै ठूलो जरिवानाको त्रास देखाएर नियम लागू गर्नुगराउनुको साटो सामान्य प्रयासबाट यो अपनाउन सकिने व्यवहार हो ।"
"स्थानीय तहमा जनशक्ति व्यवस्थापन","तत्काल स्थानीय तहलाई कार्यान्वयनमा ल्याउन आवश्यक पर्ने ४० हजारभन्दा बढी जनशक्ति निजामती सेवाबाट लिनुको विकल्प छैन ।"
"दुई गाउँपालिकामा कांग्रेसएमाले","मदाने गाउँपालिकामा बुधबार राति एमालेकांग्रेसबीच भएको झडपका कारण मतगणना सुरु हुन सकेको छैन । विवाद निरूपणका लागि छलफल जारी छ ।"
"गाउँनगरसभाको तयारी","जनप्रतिनिधि बस्ने भवन तथा हल अभावले कतिपय ग्रामीण भेगका स्थानीय तहमा सभा सञ्चालन गर्न समस्या देखिएको छ । दैलेखका स्थानीय तहमा सभाका लागि कम्तीमा ६०७० जना सहभागी अट्ने हल आवश्यक पर्छ । यहाँका आठबीस नगरपालिका, गुराँस गाउँपालिका, भगवतीमाई गाउँपालिका, महावु गाउँपालिका र नौमूले गाउँपालिकामा भवनको समस्या छ ।"
"समस्या सुन्ने नेताले जितून्","नेपालगन्जलाई उपमहानगर बनाउँदा गाभिएका नयाँ वडाका स्थानीयले विकास अनुभूति गर्न नपाएको गुनासो गर्दै आएका छन् । तर, उनीहरूमा जनप्रतिनिधि आएपछि विकास हुने विश्वास झल्किरहेको छ ।"
"एमालेको अग्रता","प्युठान (कास) बिहीबार साँझसम्मको मतपरिणाम अनुसार नौबहिनी, सरुमारानी, ऐरावती, झिमरुक गाउँपालिकामा एमाले अग्रस्थानमा छ । मल्लरानीमा र स्वर्गद्वारीमा जनमोर्चा अगाडि देखिएको छ । गौमुखी गाउँपालिकामा नेपाली कांग्रेस अगाडी छ । प्युठान नगरपालिका र माण्डवी गापामा माओवादी केन्द्रले अग्रता लिएको छ । एमालेले २ र राष्ट्रिय जनमोर्चाले एउटा वडामा प्यानलै जित हासिल गरेका छन् । सरुमारानी गाउँपालिका६ र झिमरुक गाउँपालिका१ मा एमालेले जितेको छ । राजमोले पनि मल्लरानी गाउँपालिका१ मा जितेको छ । सरुमारानीमा वडाध्यक्ष एमालेका तुलबहादुर रोकाको प्यानल विजयी भएको हो । रोकाले ४ सय ९४ मत ल्याए । मल्लरानी१ मा जनमोर्चाका चिन्ताबहादुर राहुको प्यानल आयो ।"
"मिश्रित परिणाम","जम्मा ५ वटा वडा रहेको लिखुपिकेमा वडा नं १ मा कांग्रेसका ङवाङ लाक्पा शेर्पा र वडा नं ५ मा कांग्रेसकै ङिमाछिरि शेर्पा विजयी भएका छन् । वडा नं २ र ३ मा भने माओवादी केन्द्रको प्यानल नै विजयी भए । वडा नं २ मा रमेशकुमार बस्नेत र ३ मा इन्द्रबहादुर बस्नेत विजयी भए । वडा नं ४ मा एमाले उम्मेदवार हिक्पमबहादुर बस्नेत विजयी भए ।"
"उम्मेदवारले निर्वाचन खर्च बुझाएनन्","१२ सय उम्मेदवारमध्ये ७० जनाले मात्र विवरण बुझाएका छन्"
"छोरो च्यापेरै स्कुल जान्छिन् किशोरी","उनमा दृढ इच्छाशक्ति र उच्च मनोबल छ । भूमिकाको समस्यालाई ख्याल गरी उनको पढाइलाई कभर गराउन कक्षामा पनि चासो राख्ने गरेका छौं, विद्यालयका सहायक प्रध्यानाध्यापक लेखबहादुर हमालले भने, उनको पढाइलाई निरन्तरताका लागि विद्यालयका तर्फबाट गर्ने सबै सुविधा र सहयोग गर्नेछौं ।"
"विश्वविद्यालय बन्ने ताकमा : करफोक विद्यामन्दिर","कक्षा १ देखि डिग्रीसम्म यही करफोक विद्यामन्दिरको छाता संस्थाअन्तर्गत उच्च शिक्षालयको विकास गर्ने प्रयास जारी छ । विश्वविद्यालय अनुदान आयोगले विद्यालयभन्दा छुट्टै स्वामित्वको जग्गा हुनुपर्छ भनेकाले नीतिगत समस्या आएको छ ।"
"उस्ताउस्तै","एन्जेलिना जोलीमा पनि हामीले देखेसुनेकै बलिउड अभिनेत्रीको झलक आउँछ । फिल्म हमसक्ल कि हिरोइन इशा गुप्तालाई एन्जेलिनाकी जुम्ल्याहाभन्दा फरक पर्दैन । परिणीति चोपडामा भने अमेरिकी अभिनेत्री जुलिया लुइस ड्रफस र हेडेन पनेटायरको लुक्स आउँछ । लेबनानकी गायिका एवं अभिनेत्री हाइफा वेबे भारतकी राखी सावन्तजस्तै छिन् । तस्बिर हेरेको भरमा उनीहरूलाई छुट्टयाउन मुस्किलै पर्छ । आलिया भट्ट र आरियाना ग्रान्डी, रनवीर कपुर र र्यान गोस्लिङ, अनुष्का शर्मा र नाजिया हसनको अनुहार पनि केही हदसम्म एकअर्कासँग मिल्छ । एजेन्सी"
"रौद्र रुपमा अनमोल","सुवास इन्टरटेन्मेन्टको निर्माणमा द सुपर काजोल फिल्म्सको प्रस्तुतिमा तयार भएको कृ मा चन्द्र पन्तको एक्सन, अल्मोडा राना उप्रेती र विशेष श्रेष्ठको संगीत, पुरुषोत्तम प्रधानको छायांकन, प्रदीप भारद्वाज र आशिष रेग्मीको पटकथा रहेको छ । उक्त फिल्म सुवास गिरी र भुवन केसीले संयुक्त रूपमा निर्माण गरेका हुन् ।"
"६० लागे किरण","कार्यक्रममा मदनकृष्ण श्रेष्ठका छोरा यमनले भरिदेऊ न, भरिदेऊ न तिमी मेरो जीवनको पाना गीत गाए भने रुबिना अधिकारीले नृत्य प्रस्तुति दिइन् ।"
"जनप्रतिनिधि चुनिएपछि उल्लास","(नवीन पौडेलनवलपरासी, माधव ढुंगानारूपन्देही, मनोज पौडेलकपिलवस्तु)"
"मतगणना सुस्त","मुख्य निर्वाचन अधिकृत विनोद कुमार पोख्रेलले प्राविधिक कारणले महानगरलगायत जिल्लाभरि नै मतगणना कार्य ढिलाइ भएको स्विकारे । उनले बिहीबार पहिलो दिन मतगणना कार्य सुस्त गतिमा भए पनि शुक्रबारबाट छिटोछरितो मतगणना गर्ने व्यवस्थापन गरिएको बताए । विराटनगर महानगरपालिकाको पनि छिटो र सुरक्षित मतगणनाका लागि व्यवस्थापन मिलाइएको उनले बताए । जिल्लास्थित १ महानगर, ८ नगरपालिका र ८ गाउँपालिकामा मतगणना कार्य जारी छ ।"
"चुहिने भवनमा स्वास्थ्य चौकी","पराजित उम्मेदवार कुलमान विश्वकर्माले काफलगैरीमा रहेको खेतको मुहानमा डोजर लगाएर भत्काएका थिए । वडा प्रमुखले भोज दिएको पर्सिपल्टै विश्वकर्माले मुहान भत्काएका थिए । मुहानको पानी आउन छाडेपछि खानेपानीको हाहाकार भएको स्वास्थ्य कार्यालयले जनाएको छ ।"
"माओवादी कार्यकर्ताद्वारा राजीनामा","राप्ती लोकमार्गले छोएको र आसपासका क्षेत्रको व्यापारिक केन्द्र भएकाले कालालेखमै राख्नुपर्ने उनीहरूको अडान छ । ढोडचौरमा केन्द्र सारे पनि धेरैजसोलाई अपायक पर्ने उपाध्यक्ष बोहराले बताए ।"
"समन्वय समितिमा विवाद","रामेछाप (कास) जिल्ला समन्वय समिति कति सदस्यीय बनाउने भन्नेमा पदाधिकारीबीच विवाद चुलिएको छ । बिहीबार जिल्लासभामा एमालेले बहुमतका आधारमा प्रस्ताव पारित गरेपछि कांग्रेस र माओवादीका प्रतिनिधिले असहमति जनाए ।"
"सेनाले बुझायो पदमार्ग","उक्त रकमबाट खुट्किला, फलामको पुल र बार तथा पहिरो रोकथामका लागि पर्खालहरू लगाइएको छ । मार्ग असुरक्षित देखेपछि सुधार अभियान सञ्चालन गरेको रणभीम गणका कर्णेल गणपति झमेन्द्र रेश्मी मगरले बताए ।"
"वन अतिक्रमण हटाउन सुरु","जिल्ला वन कार्यालय काभ्रेको तथ्यांकअनुसार ३१ रोपनी सार्वजनिक जग्गा, २ सय ५२ वर्गमिटर वन क्षेत्र अतिक्रमण भएको छ । प्रशासनका अनुसार क्लब हिमालयनले १३ रोपनी, द फोर्टले ५ रोपनी, स्पेस माउन्टेनले एक रोपनी, होटल भ्यु प्वाइन्टले २ रोपनी र मधुवन होटलले १ रोपनी जग्गा अतिक्रमण गरी व्यवसाय सञ्चालन गरिरहेका छन् ।"
"जिप दुर्घटनामा विद्यार्थीको मृत्यु","दुर्घटना केकारण भएको भन्ने यकिन नभए पनि चालक नजिकै बसेर सिकारुले चलाएका कारण दुर्घटना भएको घाइते विद्यार्थीले जनाएका छन् । दुर्घटनापछि बोलेरो चालक फरार भएका छन् ।"
"सबै नागरिकता एउटै सर्भरमा","गृहमन्त्रालयका सहसचिव यादव कोइरालाले २ करोड ६५ लाख नागरिकतामध्ये १ करोड ७५ लाख नागरिकता केन्द्रीय सफ्टवेयरमा दर्ता भइसकेको जानकारी दिए । आगामी आर्थिक वर्षमा देशका ५१ जिल्लामा उक्त सफ्टवेयर जडान हुनेछ । शासकीय सुधार इकाइ प्रदेश तीनका १४ जिल्लामा जिल्ला प्रशासन कार्यालयमा सफ्टवेयर लागू गर्न प्राविधिकलाई तालिम थालिएको हो ।"
"अमेरिकी अदालतले भन्यो  नेपालीलाई शरण दिन सकिन्न","यो नजिरले शरणार्थीका रूपमा अमेरिका बस्न चाहने धेरै नेपाली प्रभावित हुन सक्छन्"
"नजिकका आफन्तले मात्र भिसा पाउने","सम्बन्ध औपचारिक हुनुपर्ने र त्यसलाई पुष्टि गर्ने खालका कागजात पेस गर्नुपर्ने बताइएको छ । यद्यपि नयाँ नियममा अमेरिकासँग व्यावसायिक तथा शैक्षिक साझेदारलाई भने छुट दिइएको छ । तर पहिले नै वैध भिसा भएकाका लागि भने नयाँ नियम लागू हुनेछैन । अदालतले अमेरिकामा शरणार्थी प्रवेशमा १२० दिनसम्मका लागि लगाइएको प्रतिबन्धका बारेमा पनि सहमति जनाएको छ ।"
"बर्लिन ट्रली बस दुर्घटनामा २७ घाइते","बर्लिन (सिन्हवा) जर्मनीको राजधानी बर्लिनमा दुई ट्रली बस आपसमा ठोक्किँदा २७ जना घाइते भएका छन् । एम १० मार्गमा दुई विपरीत दिशाबाट गुडिरहेका ट्रली बस प्रेन्जलाउरबर्गबाट पास हुने क्रममा ठोक्किएका हुन् । घाइतेलाई स्थानीय अस्पतालमा भर्ना गरिएको छ । घाइतेलाई उद्धार गरी अस्पताल पुर्याउन ५० जना सुरक्षाकर्मी खटिएका थिए । दुर्घटनाको कारणबारे अनुसन्धान भइरहेको जनाइएको छ ।"
"सिरियासँग रासायनिक हतियार छैन","स्पाइसरले विद्रोहीको प्रभाव क्षेत्र मानिने खान सेइखोन सहरमा त्यस किसिमको हतियारको प्रयोग गर्ने तयारी रहेको आरोप लगाएका थिए ।"
"गाईका नाममा जनता मार्ने काम अस्वीकार्य : मोदी","सवरमती आश्रम स्थापनाको शतवार्षिकी समारोहमा उनले भने, राष्ट्रपिता (गान्धी) को आदर्श विपरित भारतमा एक समुदायद्वारा अर्कोमाथि हिंसात्मक विरोध भएको छ । यस्ता गतिविधिले गान्धीको अपमान हुन्छ । उनले राष्ट्रहित र कानुनविपरीत कार्य गर्ने अधिकार कसैलाई पनि नभएको बताए । गत साता मथुराका लागि हिंडेको रेलमा एक मुसलमान यात्रीलाई रेलभित्र हत्या गरिएको र उनका परिवारजनलाई अराष्ट्रवादी भनी गरिएको उत्तेजक घटनाविरुद्ध भारतीयले विभिन्न ठाउँमा प्रदर्शन गरेका थिए ।"
"वार्तामै नबस्ने साउदी भनाइको विरोध","इस्तानबुल (सिन्हा) कतारमाथि खाडीका विभिन्न देशले लगाएको प्रतिबन्ध र नाकाबन्दीको समाधानका विषयमा प्रयास भइरहेका बेला साउदी अरबले आफूसँग वार्ता पनि नगर्ने भनी दिएको प्रतिक्रियाको कतारले कडा विरोध जनाएको छ । कतारको समस्या समाधानका लागि पहलस्वरूप खाडीका केही देशले सर्त राखेका थिए । उनीहरूले १३ बुँदे प्रस्ताव पनि सार्वजनिक गरेका छन् । कुवेतको मध्यस्थतामा उनीहरूले सो सार्वजनिक गरेका हुन् । यी सर्तमध्ये साउदी अरेबियाले कतारको अल जाजिरा टेलिभिजन बन्द गर्नुपर्ने सर्त अघि सारेको छ । यसका साथै अरू मागप्रति आफू सहमत हुन नसकेको भनी कतारले आफ्नो देशको आन्तरिक मामिलामाथि हस्तक्षेप गर्नु अन्तर्राष्ट्रिय कानुनविपरीत भएको धारणा राखेको थियो । ती सर्तका बारेमा बसेर छलफल गर्ने तयारीका लागि कुवेत लगायतले साउदी अरबलाई आग्रह गरेका थिए । तर साउदीले भने ती सर्त कतारले पनि स्वागत नगरेकाले वार्तामै नबस्ने बताएको हो ।"
"देश ७ मा मिश्रित परिणामको संकेत","यस्तै पञ्चदेवल विनायक नगरपालिका, मेल्लेख गाउँपालिका र तुर्माखाँद गाउँपालिकाको भर्खरै मात्र मतगणना सुरु भएको छ । मतगणना सुरु भएका अन्य तहमध्ये मंगलसेन नगरपालिकामा एमालेका उम्मेदवारले अग्रता कायम गरेका छन् भने बान्नीगढी जयगढ, ढकारी गाउँपालिकामा कांग्रेसले अग्रता कायम गरेको छ । अछामका तीन वडामा नेपाली कांग्रेसका उम्मेदवारले पूरै प्यानल विजयी भएको छ । यस्तै अछाममा माओवादी केन्द्रले पनि विजयी सुरुवात गरेको छ । माओवादी केन्द्रको रामारोशन गाउँपालिका वडा नम्बर १ मलातीकोटमा पूरै प्यानल विजयी भएको हो ।"
"सडक कालोपत्रेमा ढिलाइ","अहिलेसम्म १३ किमि मात्रै कालोपत्रे भइसकेको रिमालले बताए । बाँकी ठाउँमा सडक चौडा पारी ग्राभेलको काम जारी छ, उनले भने । ठेकेदारहरूले अनेक बहाना बनाएर काममा ढिलासुस्ती गरेको आयोजना कार्यालयले जनाएको छ । पहिलो प्याकेजको १ देखि १७ किमिमध्ये ४ किमि कालोपत्रे गर्न अझै बाँकी छ । बर्खालगत्तै कालोपत्रेको काम सुरु हुने उनले बताए । असार महिनाभित्रै कालोपत्रे सक्नुपर्ने भए पनि यसअघि ठेकेदारले नाकाबन्दीलाई कारण देखाएर लामो समय काम रोकेका थिए ।"
"भ्याटको विरोधमा सेयर बजार ठप्प","भ्याट हाम्रो अधिकारबाहिरको विषय हो : बोर्ड  अघिल्ला वर्षको भ्याट बुझाउन सक्दैनौं : दलाल  कर निर्धारण भइसक्यो, नतिरी सुखै छैन : विभाग  बजार खुल्ने वातावरण बनाइयोस् : नेप्से"
"पोखरामा भारतीय पर्यटक बढे","नेपालनजिकै रहेका र अत्यधिक पर्यटक भित्र्याउन सकिने सम्भावना भएका सहरमा अभियान चलाइएको हो, उनले भने, त्यहाँका होटल व्यवसायी, ट्राभल्स एन्ड टुर्स सञ्चालकलगायत पर्यटनसँग आबद्ध व्यवसायी तथा सञ्चारकर्मीबीच अन्तरक्रिया र पत्रकार सम्मेलन हुनेछ । अभियानको यो छैटौं संस्करण हो ।"
"१५ किन्दा १ बोरा सित्तै","ललितपुरको लेलेस्थित आफ्नै चुनढुंगा खानी र धादिङको नौबिसेमा फयाक्ट्री रहेको युनाइटेड सिमेन्टले अत्याधुनिक रोटरी किल्न प्रविधिबाट गुणस्तरीय सिमेन्ट उत्पादन गरी निरन्तर रूपमा आफ्नो ग्राहकमाझ वितरण गरिरहने प्रतिबद्धता कम्पनीले जनाएको छ । हरेक निर्माणको धड्कन, युनाइटेड सिमेन्ट भन्ने नाराका साथ अघि बढिरहेको यस कम्पनीले भविष्यमा पनि अझै उत्साहवद्र्धक योजना आफ्ना ग्राहकमाझ पस्कने धारणा व्यक्त गरेको छ ।"
"फोर्ड १० ली इकोबुस्टलाई इन्जिन अफ द एयर","काठमाडौं (कास) फोर्डको १० लि इकोबुस्ट पेट्रोल इन्जिन अन्तर्राष्ट्रिय इन्जिन अफ द एयर २०१७ मा १० लिभन्दा कम इन्जिन विधामा उत्कृष्ट घोषित भएको छ । लगातार ६ वर्षसम्म विजयी घोषित यस १० लि इकोबुस्टको शक्तिशाली ३ सिलिन्डर इन्जिन सन् २०१२ देखि नै यस विधामा अब्बल रहँदै आएको दाबी कम्पनीले गरेको छ । फोर्डले २०१८ देखि १० लि इकोबुस्ट इन्जिनमा नवीनतम सिलिन्डर डिएक्टिभेसन टेक्नोलजी प्रयोग गरी कम कार्बनडाइअक्साइड फाल्ने र कम इन्धन खपत गर्ने इन्जिन बजारीकरण गर्ने जनाएको छ ।"
"सुजुकीको मनसुन म्याजिक अफर","काठमाडौं (कास) सुजुकी टु ह्विलर्सले सीमित अवधिका लागि सुजुकी मनसुन म्याजिक अफर ल्याएको छ । यस योजनाअन्तर्गत प्रत्येक खरिदमा ग्राहकले बाइकको सम्पूर्ण बिमा सुविधा एकसाथ प्राप्त गर्न सक्ने जारी विज्ञप्तिमा छ । साथै ५ वर्षको वारेन्टी एवं २ वर्षको सडक कर भुक्तानी सुविधा ग्राहकलाई प्रदान गरिने कम्पनीले जनाएको छ ।"
"होन्डाको नयाँ डियो बजारमा","काठमाडौं (कास) होन्डा कम्पनीले नेपालमा सर्वाधिक बिक्री हुने डियो स्कुटरको नयाँ मोडेल नेपाली बजारमा भित्र्याएको छ । २०१७ को डियोमा नयाँ एलईडी हेड ल्याम्प, इक्वालाइजर टेक्नोलजीका साथ कम्बी ब्रेक सिस्टम र बढी माइलेजका लागि एचईटी (होन्डा इको टेक्नोलजी) इन्जिन, नयाँ इन्स्ट्रुमेन्ट प्यानल र डुअल टोन कलरका साथै स्पोर्टिङ ग्राफिक्स रहेको जारी विज्ञप्तिमा छ । युवापिंढीको आवश्यकतालाई ध्यानमा राख्दै डियो २०१७ मा अझ उत्कृष्ट रूपमा प्रस्तुत भएको छ जसमा मोबाइल चार्जिङ सकेट, बीएसआईभी इमिसन र एएचओ (अटोमेटिक हयाडल्याम्प अन) रहेका छन् ।"
"लेगो नेपाललाई सम्मान","काठमाडौं (कास) लेगो नेपाललाई सिंगापुरमा आयोजित इमर्जिङ एसिया डिस्ट्रिब्युटर कन्फ्रेन्सले उत्कृष्ट स्थानीय पहल २०१७ द्वारा सम्मान गरेको छ । १५ देशको सहभागिता रहेको उक्त कन्फ्रेन्समा ८ वटा वर्गमा अवार्ड वितरण गरिएको थियो जसमध्ये लेगो नेपालले ३ वटा वर्गमा नोमिनेट हुँदै एउटा वर्गमा अवार्ड हात पार्न सफल भएको विज्ञप्तिमा जनाइएको छ ।"
"७ महिना बित्दा पनि बनेन प्रतिवेदन","व्यवसायीको मागप्रति निगम सञ्चालक समिति पनि सकारात्मक नै छ । मंगलबारको बैठकले प्रतिवेदनअनुसार माग सम्बोधन गर्ने प्रतिबद्धता व्यक्त गर्दै आम जनताको प्रत्यक्ष सरोकार राख्ने विषय भएकाले हाललाई आन्दोलनका कार्यक्रम स्थगन गरी नियमित बिक्रीलाई अगाडि बढाउन व्यवसायीलाई पत्राचार गरेको छ ।"
"म्याकडोनाल्डस्का ४३ आउटलेट बन्द","काठमाडौं (एजेन्सी) भारतीय राजधानी नयाँदिल्लीमा सञ्चालनमा रहेको फास्ट फुड चेन म्याकडोनाल्डस् ले बिहीबारदेखि आफ्नो केही आउटलेट बन्द गरेको छ । कम्पनीले ५५ मध्ये ४३ वटा आउटलेट बन्द गरेको भारतीय सञ्चारमाध्यमले जनाएका छन् । अनलाइनहरूका अनुसार आउटलेट बन्दले १७ सय कर्मचारी बेरोजगार भएका छन् । म्याकडोनाल्डस्को लाइसेन्स अवधि समाप्त भएपछि आउटलेटहरू बन्द गर्ने निर्णय गरिएको बताइएको छ । भारतीय साझेदार कनौट प्लाजा रेस्टोरेन्टस् प्रालि बोर्ड (सीपीआरएल) र म्याकडोनाल्डस्बीच भारतमा रेस्टुरेन्ट सञ्चालन गर्न ५०५० प्रतिशतको साझेदारी छ ।"
"म्याद नाघेका खाद्यपदार्थ जफत","बजार अनुगमनमा सरकारी उदासीनताका कारणा बजारमा मिसावटयुक्त खाद्यपदार्थको बिक्रीवितरण हात्तै बढेको थियो ।"
"ट्रयांकरमा पानी बोकाएर धानको ब्याड","खडेरीले धानको विउ राख्न ढिला  पानी नपरेर पाखोबारीमा लगाएका मकै सुक्दै"
"सुतीमा भन्सार वृद्धिले सीमावर्ती बजार प्रभावित","पर्यटन व्यवसायी राजन श्रेष्ठले जोगबनी नाकामा इमिग्रेसन कार्यालय नहुँदा दिल्ली, कोलकातालगायतका भारतीय सहरबाट आउने विदेशी पर्यटक सिलिगुडी र काठमाडौंबाट आउन बाध्य रहेकाले तत्काल स्थापना गर्नुपर्ने सुझाए । उनले विराटनगरबाट क्षेत्रीय स्तरको उडान गरेर काठमाडौंको एयर ट्राफिकिङ कम गर्नुका साथै पर्यटक तथा उपभोक्तालाई सहज सेवा प्रदान गर्नुपर्ने बताए । उद्योग मन्त्रालयका उपसचिव बिन्दा आचार्यले कर प्रणालीसँगै उद्योगी व्यवसायीको समस्या ठोकिन पुग्ने र उद्योग ऐन, नियम अनुसारको सेवा सुविधा कार्यान्वयन नहुँदा समस्या भइरहेको स्विकारिन् । उनले सम्बन्धित मन्त्रालयसँग छलफल गरी समस्या समाधान गर्ने प्रतिबद्धता जनाइन् ।"
"सल्यानमा आधा रोपाइँ सकियो","यसपालि समयमै पानी परे पनि बीचमा रोकिएकाले रोपाइँमा केही ढिलाइ भएको वरिष्ठ कृषि विकास अधिकृत अम्मरराज शर्माले बताए । शारदा नदी आसपासका क्षेत्रहरू मोख्ला, ढोडचौर, रामेखोला, भट्टाचौर, बरलालगायतका फाँटहरूमा रोपाइँ सकिएको छ । सुक्खा ठाउँमा समेत धान खेती गरिएको छ । रामपुर र सल्लीबजार आसपासका क्षेत्रमा भने पर्याप्त वर्षा नभएकाले रोपाइँ ढिलाई भएको उनले बताए । पानी कम परेकाले यसपालि गतवर्षको तुलनामा केही ढिलाइ हुने देखिन्छ, उनले भने, सिंचाइ सुविधा नभएकाले अधिकांश ठाउँमा किसानले रोपाइँ गर्न पाएका छैनन् । जिल्लामा ७ हजार ३ सय ३४ हेक्टरमा सिंचाइ सुविधा पुगेको छ । साउनको दोस्रो सातासम्म जिल्लाभर रोपाइँ सकिन्छ ।"
"ब्राभोको जादूमयी खेल","पोर्चुगलका प्रशिक्षक फर्नान्डो सान्तोसले युरो २०१६ को क्वाटरफाइनलमा पोल्यान्डलाई पराजित गर्दाका सफल रहेका फाइनल पुगेपछि चिली टिम । तीन पेनाल्टी रोकेका गोलकिपर ब्राभो (तल) ।तीनै खेलाडीलाई पेनाल्टी प्रहार गर्ने अवसर दिएका थिए । त्यसबेला उनीहरू हिरो भएका थिए, उनले भने ।"
"जुम्ल्याहा छोरा भेट्न जाँदै रोनाल्डो","अन्तत: म आफ्ना बच्चाहरूलाई भेट्न जाँदै छु, खुसी छु, उनले भनेका छन् । रोनाल्डोले समूह चरणमा प्रभाव जमाए पनि चिलीसँग त्यो जादू देखाउन सकेनन् ।"
"तीन बक्सर थाइल्यान्डतर्फ","काठमाडौं (कास) तीन खेलाडीसहित पाँच सदस्यीय नेपाली बक्सिङ टिम हुने एसियन युथ च्याम्पियनसिपमा भाग लिन बिहीबार बैंकक गएको छ । थाइल्यान्डको राजधानीमा च्याम्पियनसिप जुलाई १ देखि ८ सम्म हुनेछ । त्यसमा नेपालका निङमा ग्याल्जेनले ५२ केजी, सुरेन्द्र राईले ५६ केजी र विशाल श्रेष्ठले ७५ केजीमा प्रतिस्पर्धा गर्नेछन् । उनीहरूलाई प्रशिक्षक डम्बरबहादुर लिम्बू र दीपक महर्जनले सम्हाल्ने छन् ।"
"म्यारिज अफ द इयर","प्रेमको चर्चा उत्कर्षमा रहँदा शरद र निशाले एक इन्डोरसमेन्ट गरेका थिए । यी दुईलाई एउटा कम्पनीले विज्ञापनमा खेलाएको थियो । नेपालले २०१५ को जनवरीमा विश्व क्रिकेट लिग डिभिजन २ खेल्दा त्यो विज्ञापन सार्वजनिक हुने बताइएको थियो । तर सौन्दर्य क्रिमको विज्ञापन बीचमै कता हरायो । त्यो विज्ञापन अहिले पो एक्कासि सार्वजनिक भएछ, दुवै चकित परेका छन् । एउटा सुखद संयोग नै मानौं यसलाई ।"
"पर्सा सफारी","ढिलै भए पनि निकुञ्ज घोषणाले निकुञ्ज आसपासमा बस्ने जनतामा पनि उत्साह छाएको छ । मध्यवर्ती क्षेत्र व्यवस्थापन समिति अध्यक्ष पदम तितुङ चितवनमा जस्तै पर्सा निकुञ्जमा पनि पर्यटन विस्तार हुने आशाले जनता उत्साही बनेको सुनाउँछन् । पहिला निकुञ्जआरक्ष भन्नेबित्तिकै जनता तर्सिन्थे, निकुञ्जको रमौलीप्रतापपुरका स्थायी तितुङ भन्छन्, सौराहामा देखिएको परिवर्तनपछि निकुञ्ज आम्दानीको स्रोत रहेछ भन्ने बुझाइ आएको छ, जनताको जीविकोपार्जनमा निकुञ्ज सहयोगी बन्ने आशा छ । त्यसो त निकुञ्जको आम्दानीको ५० प्रतिशत रकम सीधै मध्यवर्ती क्षेत्रको विकासमा खर्च हुन्छ । निकुञ्जले पनि स्थानीय बासिन्दाको आयआर्जन बढाउने गतिविधिमा जोड दिने प्लान बनाएको छ । पर्यटन प्रवद्र्धनसँगै स्थानीयले रोजगारीको अवसर पाउने छन् भने धेरथोर लगानी गरी आयआर्जन बढाउन सक्नेछन्, तितुङ भन्छन् ।"
"हिजो दोस्ती आज दुश्मनी","अहिले त अनुमान गर्न मात्र सकिने भयो, यो लडाइँमा खास विजयीचाहिँ को हुन्छ ? दुवै फिल्म रिलिज भएपछि मात्र टुंगो लाग्नेछ । तर यत्ति आशा गर्न सकिन्छ, जुन ज्यादा हिट भए पनि सोही फिल्म युनिटबीचको व्यक्तिगत सम्बन्धचाहिँ शत्रुतामा नबदलियोस्, हिजोको जस्तै ।"
"ब्याम्बो बिरयानी","भारतको बैंग्लोरबाट होटल म्यानेजमेन्टमा स्नातक सकेका ४० वर्षीय दाहालले काठमाडौंमा अन्यत्र कतै यो शैली नदेखेकाले आफूहरूले सुरु गरेको बताए । भारतीयहरू अहिले पनि विश्वभर जहाँजहाँ फैलिएका छन् यो परिकार त्यहाँ पुगेकै छ । काठमाडौं त नपुग्ने कुरै भएन । किनकि भारतीयहरू मात्रै होइनन्, भारत गइरहने वा भारतीय परिकार फलो गर्नेहरू पनि यसबारे जानकार छन् नै ।"
"युवाको आँखामा पूर्वको कर्णाली","किन यस्तो ? कुरो राजनीतिमै गएर ठोक्किन्छ । सरिताको शब्दमा समस्या जिल्लाले असल नेतृत्व नपाएर हो । जिल्ला राजनीतिक चेतनाको हिसाबले माथि छ । २०७० सालकै क्रान्तिमा सहिद रामप्रसाद राई, नारदमुनि थुलुङ जस्ता योद्धा जन्माएको हो भोजपुरले । राष्ट्रियस्तरमा चर्चित नेता पनि जन्मायो । राष्ट्रपति विद्यादेवी भण्डारी यहींकी हुन् । दशक पहिला ज्ञानेन्द्रबहादुर कार्की जलस्रोतमन्त्री भए । अहिले अर्थमन्त्री छन् । तर उनकै अझै ६६ प्रतिशत भोजपुरवासी टुकी बाल्न बाध्य छन् । कृपासुर शेर्पा पर्यटनमन्त्री भए । तर भोजपुरकै कुनै पनि भूभागले पर्यटकीय क्षेत्रका रूपमा विकास हुन पाएन । शेरधन राई सञ्चारमन्त्री भए । तर उनकै गाउँ सञ्चारमा पछि छ, सरिता भन्छिन्, चर्चित लेखक, साहित्यकार, कलाकार, गायक, प्रशासकलगायत भोजपुरले जन्मायो । तर तिनीहरूले जिल्लालाई केही गरेनन् । धनी पनि छन्, शिक्षित पनि छन् । बोली बिक्ने पनि छन् । पद र प्रतिष्ठा पाएका थुप्रै छन् । उनीहरू पनि आफ्नो ठाउँ फर्किएनन् । केही गर्नुपर्छ आफ्नो ठाउँलाई भन्ने भावना जागेन । त्यही भएर पूर्वको कर्णाली नै रहिरह्यो ।"
"फेसबुकको भिडियो क्रिएटर एप","फेसबुकले भिडियो निर्माताहरूका लागि यस्तो एपको घोषणा गरिरहँदा उसले फेसबुकमा टीभीको जस्तै कार्यक्रम उत्पादन गर्न निर्माताहरूलाई पैसा दिन लागेको समाचार वाल स्ट्रिट जर्नलले प्रकाशित गरेको छ ।"
"म्यासेन्जरमा नयाँ मास्क","नयाँ अपडेटमा योबाहेक भिडियो च्याट गर्दा बखतको स्क्रिनसट लिन सक्ने व्यवस्था पनि हुनेछ । यसका लागि एपमा छुट्टै बटन रहने फेसबुकले जनाएको छ । यसले गर्दा प्रयोगकर्ताले स्क्रिनसट लिनका लागि मोबाइल बटन प्रयोग गरिरहनु पर्दैन ।"
"आइफोन एट ग्यालेक्सी एस एटजस्तै","एप्पलले भर्खरै मात्र आफ्नो अपरेटिङ सिस्टम आईओएसको नयाँ भर्सन आईओएस ११ सार्वजनिक गरेको छ जुन प्रयोगकर्ताले यही सेप्टेम्बरदेखि प्रयोग गर्न पाउने छन् ।"
"मुन्धुमपछि घाटुसरी","हेल्लो डेस्क"
