शीर्षक,विवरण
महँगो औषधि,"नयाँ रोग थपिँदै जाँदा नियन्त्रणका लागि औषधिको पनि विकास भइरहेको छ। कोरोना महामारीले विश्वलाईनै गलाएपछि केही देशहरूले खोपको विकास पनि गरे। अहिले तिनै खोप खरिद गरेर नेपालसहितका देशहरूले आफ्ना नागरिकलाई लगाइरहेका छन्। कोरोना नियन्त्रण गर्ने खोपको भने नागरिकले मुल्य तिर्नु परेको छैन। तर, समय अुनुसार थपिदै जाने सर्ने तथा नसर्ने रोगका बिरामीका लागि आवश्यक पर्ने त्यस्ता औषधि छन्, जुन औषधि किनेर प्रयोग गर्नुभन्दा उनीहरू रोग लुकाएरै बस्न चाहन्छन्बाध्य छन्। आर्थिक अवस्था कम्जोर भएका गरिब परिवारले त भएका सबै सम्पत्ति सकेर औषधि प्रयोग गर्दा पनि रोग निको पार्न नसकेका धेरै उदाहरण भेटिन्छ। रोगले धनीगरिब छान्दैन। एकै प्रकृतिका रोग जोसुकैलाई लाग्न सक्छ। जसलाई रोग लागे पनि उपचार पद्धति र औषधि एउटै हुन्छ। तर, अहिले यो अवस्था छैन। पहुँच भएकाले निःशुल्क औषधि र उपचारदेखि शुल्कमा छुट पनि पाउँछन्, जो औषधिको मूल्य तिर्न सक्षम छन्। तर, सामान्य रोगको पनि उपचार र औषधि किन्न नसक्ने गरिब नागरिकको न त पहुँच हुन्छ न त औषधि किन्न सक्ने क्षमता नै। महंगो उपचार सेवा र औषधिका कारण ऊ रोग लुकाएरै आयु छोट्याउन बाध्य हुन्छ। अझै पछिल्लो समय धेरैमा देखिने क्यान्सर रोगका बिरामीले औषधि र उपचार शुल्कको भारी बोक्नै नसक्ने अवस्था छ। एउटै औषधिको २५ करोड रुपैयाँसम्म पर्छ। कोभिडकै उपचारमा प्रयोग हुने औषधि पनि लाखौं मूल्यका छन् जुन सबैको पहुँचमा छैन। कुनै रोग लागे रोगको पहिचान गर्नमै भएका सम्पत्ति सकिन्छ। रोग पहिचान भएपछि आवश्यक पर्ने औषधि र उपचार उनीहरूका लागि आकाशको फल सरह बन्छ। अझै पछिल्लो समय उपचार पद्धति र औषधि महंगो हुँदा यो सबै धान्ने अवस्था धेरै नेपालीमा छैन। स्वदेशमै उत्पादन हुने औषधि हुन् वा विदेशबाट आयात गरिने, सबैमा उत्पादन मूल्यको दाँजोमा १५ गुणा बढी मूल्यसम्ममा बिक्री हुने गरेको छ। औषधिको कालोबजारी र ठगीको चपेटामा पनि तिनै गरिब नागरिक पर्छन्। औषधिको लागत मूल्यमा कति प्रतिशतसम्म थपेर उपभोक्ताका लागि अधिकतम खुद्रा मूल्य निर्धारण गर्ने भन्नेबारे कुनै पनि किसिमको कानुनी व्यवस्था छैन। जसले गर्दा औषधि बिक्रीमा खुलमखुला ठगी हुने गरेको छ। औषधि उत्पादन, बिक्री, वितरण, निकासी, पैठारीलगायतका कार्यको नियमन एवं नियन्त्रण गर्ने निकाय औषधि व्यवस्था विभाग हो। औषधि व्यवस्था ऐन, २०३५ ले परामर्श दिन औषधि परामर्श परिषद्को परिकल्पना पनि गरेको छ। औषधिको अनुसन्धान, विकास र नियन्त्रणसम्बन्धी औषधि सल्लाहकार समिति पनि छ। तर, यस्ता निकायले औषधिमा ठगी र मूल्यवृद्धिलाई अझै नियन्त्रण गर्न सकेको छैन भने नेपालमै उत्पादन गर्नेमा चासो पनि दिएको भेटिँदैन। औषधिमा लेखेको मूल्य हेर्ने र बिक्री गर्न प्रतिबन्ध लगाएकालाई बेलामौका अनुगमन गरेर नियन्त्रण गर्ने बाहेकका उपलब्धि सम्बन्धित निकायको छैन। स्वास्थ्यको क्षेत्रमा कति समस्या छ भन्ने कुरालाई कोरोना महामारीले प्रष्ट देखायो। सरकारी अस्पताल र यसमा जनशक्तिको अवस्था दयनीय हुँदा कोरोना महामारी नियन्त्रण गर्न पनि निजी अस्पतालको भर पर्नुपर्यो। निःशुल्क भनिएका औषधि पनि सर्वसाधारणले पाएनन्। किन्ने औषधिको पनि पाँच गुणा महंगो शुल्क तिर्न नागरिक विवश भए। स्वदेशी कम्पनीको होस् वा विदेशबाट आयातित औषधिको हकमा नै किन नहोस्, प्रोत्साहनका नाममा औषधि प्रस्तावित गर्ने डाक्टर र बिक्री गर्ने होलसेलरदेखि रिटेलरसम्मलाई दिइने अफरले यो समस्याको जरो अझै गाडिँदैछ। डाक्टरलाई विदेश भ्रमण गराउनेदेखि विभिन्न उपहार दिएर औषधि उत्पादकले प्रलोभनमा परेर महँगा औषधि पनि सिफारिस गर्न लगाएका छन्। यस समस्या अझै जटिल बनाएको छ। औषधिलाई सस्तो बनाउन र सर्वसाधारणको उपचार र औषधि खरिदमा पहुँच पुर्याउन धेरै विकल्प छन्। औषधि उत्पादन मूल्य र उपभोक्ताले तिर्ने मूल्यमा देखिएको अत्यधिक अन्तरलाई अध्ययन गरेर बिचौलिया प्रवेशलाई रोक्नुपर्छ। यस्तो अवस्थामा औषधि व्यवस्था विभाग मूल्य नियन्त्रणमा संवेदनशील भए मात्रै पनि आधा समस्या समाधान हुन्छ। औषधि ऐनको दफा २६ ले औषधि व्यवस्था विभागलाई मूल्य निर्धारण गर्ने अधिकार दिएको छ। यसअनुरूपको दायित्व विभागले निर्वाह गर्नुपर्छ। साथै देशमै औषधिको अध्ययन र उत्पादनलाई प्रोत्साहन गर्न सरकारले विषेश योजना ल्याउन जरुरी छ। नत्र, अझै धेरै नेपालीले उपचार र औषधि नपाएर ज्यान गुमाउनु पर्नेछ।"
"निर्मला हत्या प्रकरण : तीन वर्षसम्म टुंगिएन अनुसन्धान, यथेष्ट प्रमाणकै खोजीमा प्रहरी","महेन्द्रनगर : बलात्कारपछि हत्या गरिएकी कञ्चनपुर भीमदत्तनगरपालिका२ उल्टाखामकी १३ वर्षीया बालिका निर्मला पन्त हत्या भएको तीन वर्ष पूरा भएको छ। तीन वर्षको अवधिमा अनुसन्धानका लागि थुप्रै अनुसन्धान अधिकृत परिवर्तन भए तर प्रहरीले घटनाको सत्यतथ्य पत्ता लगाउन सकेको छैन। तीन वर्ष बितिसक्दासमेत प्रहरी यथेष्ट प्रमाणकै खोजीमै छ। अहिले जिल्ला प्रहरी कार्यालय कञ्चनपुरका डीएसपी सिद्धराज न्यौपानेको नेतृत्वमा अनुसन्धान चलिरहेको एसपी उमाप्रसाद चतुर्वेदीले बताए। हामी इमान्दारिताका साथ अनुसन्धान गरिरहेका छौं, उनले भने, अहिले पनि हामी सूक्ष्म रूपमा अनुसन्धान गरिरहेका छौं, ढिलो भए पनि प्रहरीको अनुसन्धान सफल हुन्छ। जिल्ला प्रहरी कार्यालयका मात्रै होइन, केन्द्रीय अनुसन्धान ब्युरो र प्रदेश प्रहरीको टोलीले पनि घटनाको अनुसन्धान गरिरहेको छ। अनुसन्धान निष्कर्षमा पुग्न यथेष्ठ प्रमाण प्राप्त हुन सकेको छैन, एसपी चतुर्वेदीले भने, हामी बलियो प्रमाणको खोजीमा छौं। उनले शंकास्पद केही व्यक्तिलाई निगरानीमा राखिएको समेत बताए। निर्मला घटनालाई पहिलो प्राथमिकतामा राखेर अनुसन्धान गरिरहेको प्रहरीको भनाइ छ। चतुर्वेदी निर्मला घटनाबारे विगतमा केन्द्रीय अनुसन्धान ब्युरोबाट अनुसन्धानका लागि आएका थिए। उता निर्मलाका बुवा यज्ञराज पन्तले सास रहुन्जेल न्यायको आश नर्मने बताए। जबसम्म सास छ, तबसम्म त न्यायको आश रहन्छ नै, उनले भने, अहिले सरकार फेरिएको छ, न्याय दिलाउँछु भन्ने नेताहरू पनि सरकारमा छन्, अब न्याय पाइएला कि भन्ने आशा पलाएको छ। निर्मला प्रकरणको सुरुदेखि आन्दोलनमा रहेका नागरिक समाजका सचिव नरबहादुर साउदले निर्मला पन्तले न्याय पाउनुपर्ने बताए। अहिले सरकार परिवर्तन भएको छ, न्याय पाउने आश छ हामीलाई, उनले भने, अहिलेको सरकारलाई पनि ध्यानाकर्षण गराउन प्रमुख जिल्ला अधिकारीमार्फत ज्ञापनपत्र बुझाएका छौं। २०७५ साउन १० गते बलात्कारपछि हत्या गरिएको अवस्थामा उखुबारीमा निर्मलाको शव फेला परेको थियो। घटना भएको एक महिनापछि भदौ ४ गते जिल्ला प्रहरी कार्यालयले भीमदत्त नगरपालिका१९ बागफाँटाका मानसिक अवस्था ठीक नभएका दिलिप विष्टलाई सार्वजनिक गरेपछि निर्दाेषलाई फसाउन खोजिएको भन्दै कञ्चनपुरमा आन्दोलन चर्किएको थियो। आन्दोलनकै क्रममा भीमदत्त नगरपालिका१८ सालघारीका शनि खुनाको ज्यान गएको थियो। चार प्रतिवेदन वने उपलब्धि शून्य दिलिप विष्टलाई प्रहरीले अभियुक्तका रूपमा सार्वजनिक गरेपछि कञ्चनपुरमा आन्दोलन चर्कियो। प्रहरीको गोली लागेर दर्जनौं घाइते भए भने एक जनाको मृत्यु भयो। तत्कालीन एसपी दिल्लीराज विष्ट र प्रमुख जिल्ला अधिकारी कुमार खड्कालाई सरकारले केन्द्रमा तान्यो। भदौ ८ गते सरकारले गृह मन्त्रालयका सहसचिव हरिप्रसाद मैनालीको संयोजकत्वमा डीआईजीहरू र उच्च तहका सरकारी अधिकारी सम्मिलित छानबिन समिति गठन गयो। समितिले स्थलगत अध्ययनपछि मन्त्रालयमा बुझाएको प्रतिवेदन अहिलेसम्म अलपत्र छ। मैनाली समितिबाहेक निर्मला प्रकरणमा राष्ट्रिय मानव अधिकार आयोग, मानव अधिकार संगठन र प्रहरी प्रधान कार्यालयका तत्कालीन डीआईजी धीरु बस्न्यातको नेतृत्वमा पनि छुट्टाछुट्टै प्रतिवेदनहरू तयार भएका छन्। तर, ती प्रतिवेदनहरू अहिले पनि अलमलमा छन्। फेरिए ६ अनुसन्धान अधिकृत जिल्ला प्रहरी कार्यालय कञ्चनपुरबाट उक्त घटनाको अनुसन्धानका लागि ६ वटा अनुसन्धान अधिकृतहरू फेरिएका छन्। तर, निर्मला हत्याको कुनै टुंगो भने लाग्न सकेको छैन। अनुसन्धान अधिकृत रहने प्रहरी नायव उपरीक्षक पद भने छोटो समयमै परिवर्तन हुने क्रम देखिएको छ। सुरुवातमा घटनाको अनुसन्धान अधिकृतमा जिल्ला प्रहरी कार्यालयका तत्कालीन प्रहरी निरीक्षक एकीन्द्र खड्का खटिएका थिए। निर्मलालाई न्याय माग गर्दै आन्दोलन चर्किएपछि अनुसन्धान अधिकृत खड्कासहित सात जना प्रहरी निलम्बित भए। तत्कालीन जिल्ला प्रहरी कार्यालय कञ्चनपुरका प्रमुख प्रहरी उपरीक्षक डिल्लीराज विष्ट र तत्कालीन वडा प्रहरी प्रमुख प्रहरी निरीक्षक जगदीश भट्टलाई गृह मन्त्रालयले घटनाको केही महिनापछि जागिरबाटै बर्खास्त गयो। निर्मला प्रकरणको दुई वर्ष पुग्नै लाग्दा जिल्ला प्रहरी कार्यालय कञ्चनपुरबाट पाँच जना अनुसन्धान अधिकृत फेरबदल भइसके। सुरुका अनुसन्धान अधिकृत खड्का निलम्बिन भइसकेपछि निर्मला प्रकरण अनुसन्धानको नेतृत्व सम्हालेका प्रहरी नायव उपरीक्षक कृष्णराज ओझा केही महिनामै अन्यत्र सरुवा भए। उनको सरुवापछि जिल्ला प्रहरी कार्यालय कञ्चनपुर पुगेका प्रहरी नायव उपरीक्षक ज्ञानबहादुर विष्टको पनि निर्मला प्रकरणको फाइल अध्ययन गर्दैैगर्दा इलाका प्रहरी कार्यालय अत्तरीया काज सरुवा भयो। त्यसपछि निर्मला प्रकरणमा अनुसन्धानको नेतृत्व गरिरहेका प्रहरी नायव उपरीक्षक गणेश बम केही समय मात्रै कञ्चनपुर बसेर सरुवा भएको जिल्ला प्रहरी कार्यालय कञ्चनपुरले जनाएको छ।"
"बालबालिकालाई लगाउन मिल्ने खोप ल्याउने तयारी, असोज १५ गतेदेखि तेस्रो लहर आउन सक्ने","काठमाडौं : सरकारले आउँदो असोज मसान्तभित्र थप एक करोड पाँच लाख खोप ल्याउने भएको छ। प्रतिनिधिसभाअन्तर्गत शिक्षा तथा स्वास्थ्य समितिको सोमबार बसेको बैठकमा स्वास्थ्य तथा जनसङ्ख्या मन्त्रालयका सचिव लक्ष्मण अर्यालले आउँदो असोज मसान्तसम्म थप एक करोड पाँच लाख ४८ हजार खोप ल्याउने सरकारको तयारी रहेको जानकारी दिए। उनका अनुसार सरकारले आफैं खरिद गरी ल्याउने प्रक्रियामा रहेको, विभिन्न मुलुकहरुले अनुदानमा दिएको र कोभ्याक्स कार्यक्रममार्फत उक्त परिमाणको खोप ल्याउन लागिएको हो। सरकारले चीनसँग खरिद गरेर ६० लाख भेरोसेल खोप आउँदो भदौ मसान्तसम्म र भारतबाट खरिद गरिएको कोभिशिल्ड खोपको १० लाख मात्रा भदौको पहिलो साता नेपाल आइपुग्ने तालिका छ। यसैगरी वैदेशिक अनुदानबाट चीन सरकारबाटै साउन मसान्तभित्रमा भेरोसेल खोपको १६ लाख मात्रा, कोभ्याक्स कार्यक्रममार्फत जापानबाट एष्ट्राजेनिका खोपको १६ लाख मात्रा आउँदो भदौ पहिलो साता र कोभ्याक्समार्फत नै तीन लाख ३८ हजार मात्रा थप खोप नेपाल आउने तालिका छ। मन्त्रालयको नीति योजना तथा अनुगमन महाशाखाका प्रमुख डा गुणराज लोहनीले आज समितिमा कोभिड१९ रोकथाम तथा नियन्त्रणका लागि नेपाल सरकारले गरेका प्रयासहरूको संक्षिप्त विवरण तथा आगामी कार्यदिशा प्रस्तुत गर्दै आउँदो असोजदेखि चैतसम्म नेपालमा थप तीन करोड २३ लाख मात्रा खोप आउने जानकारी दिए। उनका अनुसार कोभ्याक्स कार्यक्रममार्फत निःशुल्क २० प्रतिशत अर्थात एक करोड १३ लाख मात्रा र कोभ्याक्समार्फत लागत सहभागितामा कोभिशिल्ड, मोर्डना, फाइजर, जोन्सन एण्ड जोन्सन र सिनोभ्याक गरी करिब एक करोड ५० लाख मात्रा र बालबालिकाका लागि ६० लाख मात्रा फाइजर खोप ल्याइने छ। सरकारले कूल जनसङ्ख्याको ७२ प्रतिशत अर्थात पहिलो प्राथमिकतामा रहेका दुई करोड १५ लाख र पछिल्लो समय १२ वर्षदेखि १८ वर्ष उमेर समूहका ४९ लाख गरी दुई करोड ६५ लाखमा खोप लगाउने लक्ष्य लिएको छ। यसका लागि दुई मात्रा खोपका हिसावले कूल पाँच करोड ३५ लाख मात्रा खोप आवश्यक हुने सचिव अर्यालले जानकारी दिनुभयो। उनका अनुसार आउँदो असोज मसान्तभित्रमा खोप लगाउने लक्ष्यमध्ये ३३ प्रतिशतलाई खोप लगाइने र चैत मसान्तभित्र सबै लक्षित समूहलाई खोप लगाउने लक्ष्य सरकारको छ। अब बालबालिकाका लागि पनि खोप आउने महाशाखा प्रमुख डा लोहनीले १२ वर्षमाथि उमेर समूहका बालबालिकालाई समेत लगाउन मिल्ने खोप प्राप्त गर्ने प्रक्रिया अगाडि बढेको जानकारी दिए। उनका अनुसार बालबालिकाका लागि सरकारले करिब ६० लाख फाइजर खोप ल्याइने तयारी गरेको छ। अहिलेसम्म खोपको पहिलो मात्रा १५८ प्रतिशत अर्थात ३४ लाख पाँच हजार १५४ र दोस्रो मात्रा ६६ प्रतिशत अर्थात १४ लाख ३० हजार ४१६ जनाले खोप लगाइसकेको मन्त्रालयले जनाएको छ। हालसम्म नेपालमा ९७ लाख ८२ हजार ८५० मात्रा खोप आइसकेको छ। तीमध्ये कोभ्याक्स सुविधामार्फत १८ लाख ८२ हजार ८५० (भारतबाट कोभिशिल्ड तीन लाख ४८ हजार र अमेरिकाबाट जोन्सन एण्ड जोन्सन १५ लाख ३४ हजार ८५० मात्रा), वैदेशिक अनुदानबाट २९ लाख, चीनबाट १८ लाख र भारतबाट ११ लाख मात्रा रहेका छन्। यसैगरी सरकारले खरिद गरेर ५० लाख मात्रा ल्याएको छ। भारतबाट कोभिशिल्ड १० लाख मात्रा र चीनबाट भेरोसेल ३२ लाख मात्रा रहेको छ। सरकारले कोभिड१९ को उपचारका लागि १५७ सरकारी र नीजि अस्पताल सूचिकृत गरी सञ्चालनमा ल्याएको छ। यसैगरी कोभिड१९ को उपचारका लागि मन्त्रालयले तीन हजार सघन उपचार कक्ष (आइसियु) पुर्याएको छ भने ६३० थप गर्ने प्रक्रियामा रहेको मन्त्रालयका सचिव अर्यालले जानकारी दिए। यस्तै भेन्टिलेटरको सङ्ख्या ९०० रहेको र १८० थप गर्ने प्रक्रियामा छ। मन्त्रालयले सरकारी अस्पतालमा हाई डिपेन्डेन्सी युनिट (एचडियु) दुई हजार ७५ र निजीमा ७७८ सञ्चालनमा रहेका छन् भने एक हजार ४०० थप गर्ने प्रक्रियामा रहेको मन्त्रालयले जनाएको छ। मन्त्रालयका अनुसार कोभिड१९ को तेस्रो लहरलाई मध्यनजर गरी बच्चाका लागि १८० भेन्टिलेटरसहित २७५ आइसियु शय्या थप्ने प्रक्रियामा छ। अक्सिजनमन्त्रालयले अहिले अक्सिजनको आपूर्ति समेत बढाएको छ। स्वास्थ्य सचिव अर्यालका अनुसार अहिले दैनिक १२० मेट्रिक टन अक्सिजन आपूर्ति भइरहेको छ। यसअघि १५ मेट्रिक टन मात्र अक्सिजन आपूर्ति हुने गरेको थियो। मन्त्रालयले सङ्क्रमणको दोस्रो लहर चलिरहेकै बेला पाँच हजार अक्सिजन सिलिण्डर थप र पाँच हजार ५०० अक्सिजन कन्सट्रेटरको व्यवस्था गरेको छ। थप तीन हजार ५०० अक्सिजन कन्सट्रेटर आउने प्रक्रियामा रहेको मन्त्रालयले जनाएको छ। यसैगरी २७ वटा तरल अक्सिजन टङ्याक थप गर्ने योजनाअन्तर्गत दुई सम्पन्न, चार निर्माण प्रक्रियामा र १० वटा निर्माणका लागि सूचना प्रकाशित गरिएको छ। नेपालमा कोरोना भाइरस सङ्क्रमितको मृत्यु दर १३ प्रतिशत र निको हुने दर ९४५ प्रतिशत छ। नेपालमा अहिले सङ्क्रमणको दोस्रो लहर चलिरहेको छ। २०७७ चैतको पहिलो सातादेखि २०७८ वैशाखको अन्तिम सातासम्म दोस्रो लहर उच्च विन्दुमा रहेको थियो। गत वैशाख २७ गते सङ्क्रमण दर सबैभन्दा बढी ५१८ प्रतिशत रहेको थियो। जेठ ६ गते सबैभन्दा बढी एक हजार ७४८ जना आइसियुमा र जेठ ८ गतेसबैभन्दा बढी ५२३ जना सङ्क्रमित भेन्टिलेटरमा रहेका थिए। यसैगरी सङ्क्रमणको पहिलो लहर २०७६ माघ ९ गतेदेखि २०७७ साउन ३ गतेसम्म चलेको थियो। उक्त अवधिमा सङ्क्रमण दर ५६ प्रतिशत रहेको थियो। पहिलो लहरमा सबैभन्दा बढी सङ्क्रमित असार १९ गते देखिएकोमा सङ्क्रमण ओरोलो लाग्दै गत साउन ३ गते ५२ जना पुगेका थिए। तेस्रो लहर असोज १५ गतेदेखि मन्त्रालयको नीति योजना तथा अनुगमन महाशाखाका प्रमुख डा गुणराज लोहनीले आउँदो असोज १५ गतेदेखि सङ्क्रमणको तेस्रो लहर आउने प्रक्षेपण रहेको बताए। उनले अहिलेको निषेधाज्ञा खुकुलो र जनस्वास्थ्य मापदण्डलाई प्रभावकारी रुपमा लागू नगरिएकाले आउँदो असोज १५ गतेदेखि सङ्क्रमणको तेस्रो लहर आउने बताए। तेस्रो लहर सङ्क्रामक र बालबालिकालाई बढी असर गर्ने उनको भनाइ छ। उनका अनुसार आगामी पाँच महिनामा एक लाख ९३ हजार ८५६ नयाँ सङ्क्रमित थपिने अनुमान गरिएको छ। यसअघि मन्त्रालयले सङ्क्रमणको तेस्रो लहर आउने भन्दै सचेत रहन निर्देशन समेत दिइसकेको छ।"
जो पनि डाक्टर !,"अनिल ढकालचितवन, सीताराम गुरागाईंताप्लेजुङ, भरत खड्काउदयपुर चितवनको राप्ती नगरपालिका१२ स्थित यौरालीटारमा लोथर स्वास्थ्य चौकी छ। बिरामी त्यति नजाने भएकाले सुनसान प्रायः हुन्छ। तर, त्यही स्वास्थ्य चौकीबाट सय मिटर दूरीमा रहेको मेडिकलमा जँचाउन पालो पर्खिनुपर्छ। मेडिकलमा बिहीबार पनि एक जना व्यक्ति स्टेस्थोस्कोप लिएर बिरामी जाँचिरहेका थिए। उनी भनिरहेका थिए छाती हल्का खराब छ, यो एन्टिबायोटिक हो। यहाँसम्म पानी हालेर हल्लाएर खुवाउनु ठीक हुन्छ। बिरामीका आफन्त उनलाई डाक्टर ठानिरहेका थिए। तर, उनी त स्वास्थ्य चौकीकै कार्यालय सहायक कृष्णबहादुर तामाङ पो रहेछन्। बिरामी र उनीहरूका आफन्त कार्यालय सहायक तामाङलाई डाक्टर ठानेर आफ्ना स्वास्थ्य समस्या सुनाइरहेका थिए। तामाङ सेवाग्राहीका कुरा सुन्थे अनि बिरामी जाँच्थे। तामाङले बिरामी जाँच्ने मात्रै होइन, औषधि पनि दिने रहेछन्। यसबारे उनले भने, पढाइ त ८ कक्षा हो। मैले २०५१ सालदेखि स्वास्थ्य चौकीमा काम गरेँ। त्यहाँ सरहरूले सिकाएर बिरामी जाँच्न जानेको हुँ। मैले जाँचेर धेरैलाई ठीक बनाएको छु। स्वास्थ्य चौकीमा लामो समय काम गरेको आधारमा आफूलाई अनुभव भएको उनले बताए। निमोनिया, रुघाखोकी, ज्वरोका बिरामी निको पार्ने गरेको उनको भनाइ छ। रुघाखोकी, ज्वरो, निमोनिया, पखालाको उपचार मैले गर्छु। यो बाहेकका बिरामीलाई मैले सकिनँ भने सरलाई बोलाउने अनि उहाँहरूले रिफर गर्दिनुहुन्छ, उनले भने, हामी पालैपालो आएर चलाउँछौं। अहिले स्वास्थ्य चौकीमा दुई जना मात्रै भएकाले मलाई पठाउनुभएको हो। खासमा उनको काम बिहान स्वास्थ्यचौकी खोल्ने, सरसफाइ गर्ने र पानी भर्ने हो। त्यसपछि अर्को ड्युटी रहेछ, मेडिकलमा गएर बिरामी जाँच्ने। स्वास्थ्य चौकीकै कर्मचारीले उनलाई त्यता पठाउँछन्। मेडिकलमा बिरामी आएको खबर आउनासाथ उनी दौडिहाल्छन्। जँचाउन पुग्नेहरूलाई उनी डाक्टर हुन् कि पियन भन्ने थाहा हुँदैन। बिरामीसँग सोधपुछ गरेर अनुमानका भरमा औषधि दिन्छन्। स्वास्थ्य चौकीमा गए पनि औषधि लिन फेरि आउनुपर्ने भएकाले सोझै मेडिकल आएको बिरामीका आफन्त बताउँछन्। त्यहाँ गए पनि यही पठाउँछन्, ज्वरो आएको छोरालाई जँचाउन दुई घण्टा हिँडेर आएका राम प्रजाले भने, सबै औषधि यही लिन आउने भएप्छि त्यहाँ नगएको। उनले स्वास्थ्यकर्मीसँग मिलेर उक्त मेडिकल सञ्चालन गरेको खुलेको छ। मेडिकलमा तामाङसहित स्वास्थ्यचौकीका इन्चार्ज महेश भट्टराई, अहेव समीक्षा श्रेष्ठ, सिनियर अनमी सुनिता गुरुङ, अनमी सुस्मिता थापाको लगानी रहेछ। तामाङले दिनभर मेडिकलको व्यापार बढाउँछन्। हरेक महिना आएको नाफा बराबर बाँड्छन्। उनले आफ्नै घरमा मेडिकल राखेका छन्। त्यसबापत उनले घर भाडा लिँदैनन्। पालो लगाएर मेडिकलमा बिरामी जाँच्छन्। अहेव श्रेष्ठले एक जनाले १० हजार रुपैयाँ लगानी गरेको बताइन्। उनीहरूले बिरामीलाई सकेसम्म मेडिकलमा बोलाउँछन्। स्वास्थ्य चौकीमा जानेहरूलाई बिरामी पुर्जी पनि दिँदैनन्। कागजको टुक्रामा औषधिको नाम मात्रै लेखेर औषधि किन्न पठाउने गरेको पाइएको छ। अहेव श्रेष्ठले चेपाङहरूले च्यातेर फाल्ने हुनाले बिरामी पुर्जा नदिएको बताइन्। यहाँबाट मेडिकलसम्म पुग्दा च्यातिहाल्छन् भनेर पुर्जा नदिएको, उनले भनिन्, औषधी लिने त हो। त्यसैले चिटमा औषधीको नाम लेखेर दिन्छौं। यसअघि आउनेहरूले यही गरेको भएर आफूहरूले यस्तै गरेको उनले बताइन्। पूर्वपश्चिम राजमार्गको भण्डाराबाट करिब ३५ किलोमिटर उत्तरतर्फ पर्छ यौरालीटार। राप्ती नगरपालिकाका वडा नम्बर १२ र १३ चितवन जिल्लाकै विकट भेग हुन्। छिमेकी जिल्ला मकवानपुरको राकसिराङबाट पनि बिरामी उपचारका लागि यहाँ आउँछन। पियनसँग स्वास्थ्य जाँच गराएर फर्किन्छन्। अधिंकाश चेपाङको बसोबास भएको क्षेत्रमा स्वास्थ्यकर्मीले ठगी धन्दा चलाउँदै आएको देखिन्छ। स्वास्थ्य चौकीमा मुस्किलले १० जना पुग्छन्। त्यसको दोब्बरभन्दा बढी मेडिकल जान्छन्। स्वास्थ्य चौकी आएका बिरामीलाई स्वास्थ्यकर्मीले नै मेडिकल पठाउँछन्। सबै औषधि स्वास्थ्य चौकीमा पाइँदैन पनि। केही बाहिर किन्नुपर्छ। यौरालीटारको मेडिकलमा नगए गाडी चढेर दुई घण्टामा भण्डारा पुग्नुपर्छ। यसको मौका छोपेर दर्ता नै नगरी औषधि पसल चलाइरहेका छन्। यसको नियमन हुन सकेको छैन। स्वास्थ्य चौकीका इन्चार्ज भट्टराईले सुरुमा कुरा लुकाउन खोजे। तर, प्रमाण नै देखाएपछि आफूहरूले लगानी गरेर बिनादर्ता सञ्चालन गरेको भट्टराईले स्वीकार गरे। तर, पियनले बिरामी जाँच गरेको कुरा उनले स्वीकार गरेनन्। हामीले दिएको प्रेस्क्रिप्सनअनुसार औषधि दिने हो। बिरामीले दर्ता नगरी औषधि मागे भने सामान्य चिटमा लेखेर दिन त पर्यो नि, भट्टराईले भने, कतिपय कुरा तपाईंले भनेको कुरा सत्य होला। म त्यहाँ जानुभन्दा अघि पनि त्यसरी नै चलेको रहेछ, हामीले पनि चलाएका हौ। स्वास्थ्य चौकीमा बिरामीको उपचार गर्न सुविधासम्पन्न भवन छ। विद्युत् अभावमा ल्याब सञ्चालन गरिएको छैन। भौतिक पूर्वाधार भए पनि उपकरण पर्याप्त छैन। राप्ती नगरपालिका प्रमुख प्रभा बरालले यो विषयमा छानबिन गर्ने बताइन्। मेडिकल दर्ता नगरी चलाउनु र स्वास्थ्यकर्मीको काम कार्यालय सहायकले गर्नु दुवै गलत हुन्, बरालले भनिन्, तपाईंहरू प्रमाणसहित आएको कुरालाई हामी बुझेर अघि बढ्छौं। यसलाई सामान्य रूपमा लिँदैनौं। डाक्टर पाउनै मुस्किलताप्लेजुङको मैवाखोला गाउँपालिकास्थित तेम्बे प्राथमिक स्वास्थ्य केन्द्र तीन वर्षदेखि डाक्टरविहीन छ। यहाँको स्वास्थ्य सेवा एचए, अहेव र अनमीका भरमा चलिरहेको छ। डाक्टर नहुँदा सामान्य बिरामी पर्दा पनि जिल्ला अस्पताल र तराईका अस्पताल जानुपर्ने बाध्यता छ। रेडियोलोजी एक्सरे, ल्याब र यूएसजी, शल्यक्रियासहितको प्रसूति सेवा प्रदान गर्नुपर्नेमा स्थानीयले आधारभूत सेवा नै पाउन मुस्किल छ। कोरोना महामारीले आक्रान्त बनाइरहेका बेला पनि गाउँपालिकाले डाक्टरको व्यवस्था गर्न नसकेको स्थानीय बिमला लिम्बूले बताइन्। कोरोनाको सामान्य लक्षण देखिँदा पनि स्वास्थ्य परीक्षणका लागि महँगो रकम तिरेर बाहिर जानुपरेको छ, लिम्बूले भनिन्, प्राथमिक स्वास्थ्य केन्द्र नाम मात्रैको भयो। कोरोनाका बिरामी र सुत्केरी, गर्भवतीलाई धेरै समस्या भइरहेको उनले सुनाइन्। शवको पोस्टमार्टमका लागि पनि सदरमुकाम पुग्नुपरिरहेको अर्का स्थानीय किरण लिम्बूले सुनाए। पटकपटक प्रयास गर्दा पनि डाक्टर राख्न नसकिएको मैवाखोला२ का वडाध्यक्ष सुरेन्द्र लिम्बूले बताए। मैले सकेजति प्रयास गरेँ। तर, गाउँपालिकाले साथ नदिएपछि सकिनँ, वडाध्यक्ष लिम्बूले भने। गाउँपालिकाले नै डाक्टर ल्याउन चासो नदेखाएको उनको गुनासो थियो। सिदिङ्वा र मिक्वाखोला गाउँपालिकाले पनि कोभिड अस्पतालमा डाक्टर राख्न सकेका छैनन्। नर्सका भरमा अस्पताल सञ्चालन गर्नुपर्ने अवस्था छ। डाक्टर भेट्न सदरमुकाम फुङलिङ आइपुग्नुपर्छ। सिरिजंघा, आठराई त्रिवेणी, पाथीभरा याङ्वरक, मेरिङ्देन र फक्ताङलुङ गाउँपालिकाले भने पाँचपटक विज्ञापन खुलाएर डाक्टर राखेका छन्। तलब स्केलमा मासिक ५० हजार रुपैयाँ र प्रोत्साहन भत्तासमेत थपेर डाक्टर राखेको आठराई त्रिवेणीका अध्यक्ष विश्वनाथ सिटौलाले बताए। जिल्ला अस्पतालसहित ताप्लेजुङमा ५३ स्वास्थ्य संस्था छन्। अधिकांशमा करारका स्वास्थ्यकर्मी कार्यरत छन्। दुर्गम भन्दै स्थायीमा आउन नमानेपछि करारमा राखेर काम चलाइरहेका छौं, सिटौलाले भने, सर्वसाधारणले उपचारका लागि राम्रा डाक्टर भेट्न सदरमुकाम पुग्नुपर्ने अवस्था छ। यस्तै, प्रशासनिक हिसाबले उदयपुर जिल्ला क श्रेणीमा छ। तर, स्वास्थ्य सेवा भने निकै कमजोर छ। ५ बिघा क्षेत्रफल ओगटेको १५ बेडको जिल्ला अस्पताल स्थापनाको ३२ वर्षपछि २०७० सालमा तत्कालीन मन्त्रिपरिषद्को निर्णयबाट ५० बेडमा परिणत भयो। क्षमता वृद्धिसँगै आवश्यक जनशक्तिका लागि दरबन्दी सिर्जना गरे पनि मन्त्रालय र विभागले दक्ष प्राविधिक कर्मचारी पठाउन नसक्दा अस्पतालको विशेषज्ञ सेवा प्रभावकारी हुन नसकेको कर्मचारीले बताए। अस्पतालमा ११ औं तह प्रमुख कन्सल्टेन्ट १, विशेषज्ञ ९, मेडिकल अफिसर ४ र अन्य प्राविधिक र कर्मचारी गरी ५९ जनाको दरबन्दी रहेको अस्पतालका सूचना अधिकारी विर्षबहादुर खत्रीले बताए। उनका अनुसार दरबन्दी धेरै भए पनि अस्पतालमा स्थायी नियुक्तिका विशेषज्ञ हालसम्म एकै जना पनि छैनन्। विशेषज्ञ चिकित्सक नआएपछि अध्ययन सकेर प्राक्टिकल (सिकाई अभ्यास) गर्न आएका दुई जना विशेषज्ञ चिकित्सकको भरमा अस्पताल छ। माथिल्लो तहका स्थायी चिकित्सक नआएपछि मेडिकल अधिकृत डाक्टर जीवनारायण मण्डललाई निमित्त मेडिकल सुपरिटेन्डेन्टको जिम्मेवारी दिइएको छ। छात्रवृत्ति पाएर अभ्यासका लागि आएका मेडिकल अधिकृत पनि अभ्यास शिक्षणको समय सकिएकाले रिक्त रहेको खत्रीले बताए। विशेषज्ञ ल्याउनका लागि प्रदेश र संघीय सरकारमा पटकपटक कुरा उठाए पनि आश्वासन मात्रै पाएको अस्पताल व्यवस्थापन समितिका अध्यक्ष तथा जिल्ला समन्वय समितिका प्रमुख खड्गबहादुर परियारले बताए।"
कांग्रेसमा क्रियाशील सदस्यताको किचलो : केन्द्रीय कार्यालयमा धर्नै धर्ना,"काठमाडौं : बारा कांग्रेसका सभापति जयचन्द्र चौरसिया केन्द्रीय कार्यालय परिसर सानेपामा टेन्ट गाडेर धर्नारत छन्। उनको माग छ पार्टी कार्यालयको मुख्य ढोकामा धर्नामा बसेका बाराकै अर्को पक्षका कांग्रेस नेताहरूले राखेका माग पार्टीले खारेज गर्नुपर्यो। केन्द्रीय कार्यालयको निर्देशनअनुसार पार्टीको विधान, निर्देशन र प्रक्रिया पूरा गरी क्रियाशील सदस्यको टुंगो लगाएर केन्द्रमा नामावली पठाएको चौरसियाको दाबी छ। तर, पूर्वसभासद लालबाबु सिंहलगायत नेता जिल्ला सभापति चौरसिया र क्षेत्रीय सभापतिहरूले एकलौटी रूपमा क्रियाशील सदस्यको नामावली केन्द्रमा पठाएको भन्दै उक्त नामावली खारेजीको माग गर्दै १४ दिनदेखि धर्नामा छन्। सभापति चौरसिया वडा, गाउँनगरपालिका, क्षेत्रीय समिति, प्रदेश समिति र जिल्ला समितिले अनुमोदन गरेर सबै प्रक्रिया पूरा गरी केन्द्रमा नामावली पठाइएको दाबी गर्छन्। हामीले थारु, मुस्लिम, दलित, महिला सबैलाई समेटेर समावेशी सिद्धान्तअनुसार वडाबाट सिफारिस भएर आएका नामहरू सबै प्रक्रिया पूरा गरेर केन्द्रमा पठाएका हाैँ, चौरसिया भन्छन्, जजसको नाम सिफारिस गरेर पठाएका छांै, तिनीहरूलाई सदस्यता नदिने हो भने जिल्लामा पार्टीको अवस्था के होला ? पूर्वसभासद सिंह भने क्षेत्रीय सभापति र जिल्ला सभापतिले आफ्नो पक्षका कार्यकर्ताको नाम एकलौटी रूपमा केन्द्रमा सिफारिस गरेको आरोप लगाउँछन्। बारा ४ नम्बर क्षेत्रीय सभापति सुनीलकुमार गुप्ता भने तीन क्षेत्रीय सभापति, प्रदेश सभापति र जिल्ला सभापतिको सहमति र सहकार्यमा सबै प्रक्रिया पूरा गरेर केन्द्रमा नाम सिफारिस गरिएको दाबी गर्छन्। बारा निर्वाचन क्षेत्र नम्बर ४ का महाधिवेशन प्रतिनिधि जयनारायण यादव जिल्लाले पठाएको नामावलीको पोको खोलेर केन्द्रीय छानबिन समितिले सत्यतथ्य बाहिर ल्याइदिनुपर्ने बताउँछन्। उजुरीको बहाना बनाएर पार्टीको १४ औं महाधिवेशनमा बारा जिल्लालाई छुटाउने षड्यन्त्र भइरहेको छ, यादव भन्छन्, केन्द्रीय छानबिन समितिले जिल्लाको सिफारिस हेर्नुपर्छ। प्रक्रिया पुगेका नाम सदर गरोस्, प्रक्रिया पुगेका छैनन् भने बदर गरेर चाँडो निकास देओस्। बारामा चौरसियासहित २ जना केन्द्रीय सदस्य र तीन क्षेत्रीय सभापति पार्टी सभापति शेरबहादुर देउवा पक्षधर छन्। पूर्वसभासद सिंहलगायत नेता रामचन्द्र पौडेल पक्षीय छन्। चौरसिया कोल्हवी नगरपालिकाका१३ वटा वडाबाट सिधै केन्द्रमा नाम सिफारिस गरिएको भन्दै पार्टी विधान र प्रक्रियाविपरीत आएका सिफारिस खारेज हुनुपर्ने बताउँछन। सांसद उमाकान्त चौधरीले वडा, गाउँ, क्षेत्र र जिल्ला समितिबाट कुनै निर्णय नगराई १३ वडाबाट सिधै केन्द्रमा नाम सिफारिस गरेको सभापति चौरसिया पक्षधर नेताहरूको दाबी छ। कांग्रेस केन्द्रीय कार्यालयको मुख्य ढोकामा पूर्वराष्ट्रपति रामवरण यादवका छोरा डा चन्द्रमोहन यादव पनि धर्नामा बसेको ८ दिन भयो। पार्टी विधान, नियमावलीविपरीत क्रियाशील सदस्यता वितरण गरिएको डा यादवलगायत नेता, कार्यकर्ताको दाबी छ। कांग्रेसको १४ औं महाधिवेशनको संघारमा केन्द्रीय कार्यालय भने धर्नास्थल बनेको छ। मुख्य गेटदेखि कार्यालय परिसर बारा, रौतहट, धनुषा, सर्लाहीलगायत जिल्लाका नेता, कार्यकर्ताको अनशन र धर्नाले भरिभराउ छ। केन्द्रीय नेताहरू धर्नास्थल पुग्ने र आआफ्ना पक्षका धर्नाकारीका मागमा ऐक्यबद्धता जनाउने काम हरेक दिनजसो हुने गरेको छ। कांग्रेसमा क्रियाशील सदस्यता वितरणको मुद्दा यति गम्भीर बनेको छ कि छानबिन समितिका सदस्य श्याम घिमिरेलाई कार्यकर्ताले कुटपिट नै गरेका थिए। केन्द्रीय सदस्य घिमिरेमाथि कुटपिट गर्ने सिन्धुपाल्चोक कांग्रेसका कार्यकर्तामाथि कारबाही पनि भइसकेको छ। अन्य पार्टीबाट कांग्रेसमा आएकाहरूलाई क्रियाशील सदस्यता दिने कि नदिने भन्नेमा धेरै विवाद रहेको नेताहरू बताउँछन्। क्रियाशील नटुंगिदा वडा अधिवेशन स्थगितक्रियाशील सदस्यहरूको टुंगो नलाग्दा कांग्रेसले साउन १२ गते पूर्वनिर्धारित सबै जिल्लाका वडा अधिवेशन स्थगन गरेको छ। क्रियाशील सदस्यहरूको नै टुंगो लाग्न नसकेपछि सभापति देउवाको अध्यक्षतामा बसेको पदाधिकारी र पूर्वपदाधिकारीको शुक्रबारको बैठकले देभभरका वडा अधिवेशन स्थगन गर्ने निर्णय गरेको थियो। केन्द्रीय सदस्य रमेश लेखक संयोजकत्वको क्रियाशील सदस्यता छानबिन समितिले सभापति देउवालाई क्रियाशील सदस्यहरूको नामावली बुझाउनुपर्नेछ। देउवाले केन्द्रीय निर्वाचन समिति र उक्त समितिले अन्तिम नामावली सम्बन्धित वडामा पठाएपछि मात्र वडा अधिवेशनहरू हुनेछन्। ६ हजार ७ सय ४३ वडा अधिवेशन गर्न पूर्वनिर्धारित समय अपुग भएको कांग्रेसले जनाएको छ। कांग्रेस प्रवक्ता विश्वप्रकाश शर्मा स्थगित वडा अधिवेशन अब कहिले गर्ने भन्ने टुंगो लागि नसकेको बताउँछन्। वडा अधिवेशनको मिति पर धकेलिँदा क्षेत्र र जिल्ला अधिवेशनहरू तोकिएकै मितिमा सम्पन्न हुनेमा आशंका पैदा भएका छन्। कांग्रेसले भदौ १६ देखि १९ सम्म १४ औं महाधिवेशनको मिति तोकेको छ।"
सातै प्रदेशलाई स्वास्थ्य मन्त्रालयको निर्देशन : कम्तिमा एक हजारवटा अक्सिजन सिलिन्डर भरेर राख्नू,"काठमाडौं : सरकारले प्रत्येक प्रदेशमा कम्तिमा एक हजार अक्सिजन सिलिन्डर भरेर राख्न निर्देशन दिएको छ। स्वास्थ्य तथा जनसंख्या मन्त्रालयले सोमबार सातवटै प्रदेशमा पत्रचार गरेर कोरोना संक्रमणको तेस्रो लहर आउनसक्ने भन्दै कम्तीमा हजार अक्सिजन सिलिन्डर भरेर राख्न निर्देशन दिएको हो। जनस्वास्थ्यका मापदण्डको पालना र निषेधाज्ञाका वावजुद कोभिड१९ को संक्रमण दरमा कमी आएको देखिँदैन। विगतका दिनमा जस्तै संक्रमणको दर तिव्र रुपमा वढ्न गई कोभिड१९ को पुनः अर्को लहर नआउला भन्न सकिँदैन।स्वास्थ्य मन्त्रालयले भनेको छ, अतः भविस्यमा आउन सक्ने सम्भावित चुनौतीलाई सामना गर्न कम्तिमा एक हजारवटा अक्सिजनका सिलिन्डर भरी तयारी अवस्थामा प्रदेश आपूर्ति केन्द्रमा मौज्दात राख्नुहुन निर्देशानुसार जानकारी गराइन्छ। साथै मौजुदा सिलिन्डरहरु पनि खाली नाराख्नु हुन र अक्सिजन पीएसए प्लान्ट, अक्सिजन ट्यांक तथा अक्जिन कन्सन्ट्रेटरहरु चालु र चुस्त अवस्थामा राख्नुहुन जानकारी गराइन्छ। मन्त्रालयले अहिलेको निषेधाज्ञा खुकुलो र जनस्वास्थ्य मापदण्डलाई प्रभावकारी रुपमा लागू नगरिएकाले सङ्क्रमणको तेस्रो लहर आउने आँकलन गरेको हो। तेस्रो लहर सङ्क्रामक र बालबालिकालाई बढी असर गर्ने बताइएको छ।"
सिरहा र सप्तरीमा एक वर्षमै २२ हजार बढीले लिए नागरिकता,"राजविराज: एक वर्षमा सप्तरी र सिरहामा २२ हजार भन्दा बढीले नेपाली नागरिकता लिएका छन्। आर्थिक वर्ष २०७७७८ को साउनदेखि असारसम्ममा सप्तरी र सिरहामा २२ हजार २ सय ९७ जनाले नेपाली नागरिकता लिएका हुन् । सिरहाका प्रमुख जिल्ला अधिकारी प्रदीप राज कँडेलका अनुसार सिरहामा मात्र आर्थिक वर्ष २०७७७८ को साउनदेखि असारसम्ममा १२ हजार १ सय २१ जनाले नेपाली नागरिकता लिएका हुन् । उनका अनुसार कोरोना संक्रमणका कारण निषेधाज्ञा लगाए पनि नागरिकता बनाउनेको संख्यामा भने कमी आएन । यस्तै सप्तरीमा १० हजार बढीले नागरिकता लिएका छन् । सप्तरीका प्रमुख जिल्ला अधिकारी जयनारायण आचार्यका अनुसार आर्थिक वर्ष २०७७७८ को साउनदेखि असारसम्म सप्तरीमा १० हजार १ सय ७६ जनाले नेपाली नागरिकता लिएको जानकारी दिए । आचार्यका अनुसार सप्तरीमा पछिल्लो तीन महिनामा दुई सय जनाले वैवाहिक अंगीकृत नागरिकता लिएका छन् । गत वैशाख, जेठ र असार मसान्तमा गरी दुई सय जनाले वैवाहिक अंगीकृत नागरिकता लिएका हुन् । यस्तै यही आर्थिक वर्षमा ४५३ जनाले वैवाहिक अंगीकृत नागरिकता लिएको प्रमुख जिल्ला अधिकारी जयनारायण आचार्यले बताए ।"
"जसपा विवादमा चौधरी तटस्थ: म कुनै पक्षमा हैन, जसपाको पक्षमा !","काठमाडौँ: जसपाको आधिकारिकता विवादमा सनाखत गर्न डिल्लीबजार कारागारबाट निर्वाचन आयोग पुगेका नेता रेशम चौधरीले पार्टी विवादमा आफू तटस्थ बसेको बताएका छन् । जसपा कार्यकारिणी समिति सदस्य रहेका चौधरीले आफू कुनै पक्षमा नभएर जसपाको पक्षमा रहेको प्रतिक्रिया दिएका थिए । ""म पार्टीको एउटा सिपाही हो। कसैले बाजी मार्ला कसैले बाजी पराजय भोग्ला। म जसपाको एक कार्यकर्ता हुँ। पक्ष र विपक्षमा सनाखत गर्न मलाई नैतिकताले दिएन"" चौधरीले भने । निर्वाचन आयोगले सनाखतका लागि ५१ जना नै कार्यकारिणी सदस्यलाई बोलाएपछि चौधरी पनि डिल्लीबजारबाट आयोग पुगेका थिए । कैलालीको टीकापुर घटनामा अदालतले मुख्य दोषी ठहर गरेपछि चौधरी डिल्लीबजार कारागारमा छन् । उपेन्द्र यादव पक्षका नेताहरुले भने चौधरी आफ्नै पक्षमा रहेको दावी गरेका थिए । यद्यपि यादव पक्षमा ३४ जनाले हस्ताक्षर गरे भने महन्थ ठाकुरको पक्षमा १६ जना उभिए । र आयोगको फैसला अनुसार यादव पक्षले नै पार्टीको आधिकारिकता पाएको छ ।"
गृहमन्त्रीअमेरिकी राजदूत भेट: अमेरिकासँग खोपको अपेक्षा,"काठमाडौँ: गृहमन्त्री बालकृष्ण खाणसँग नेपालका लागि अमेरिकी राजदूत र्याण्डी बेरीले शिष्टाचार भेट गरेका छन् । सोमबार गृह मन्त्रालयमा पुगेर र्याण्डीले गृहमन्त्री खाणलाई भेट गरेका हुन् । गृहमन्त्रीका निजी सचिव नरेन्द्र केसीका अनुसार उनीहरुको छलफल दुई देशीय आपसी सम्बन्धबारे केन्द्रित थियो । गृहमन्त्री खाणले कोभिड १९ महामारी नियन्त्रणका लागि अमेरिकासँग खोप सहयोग गर्न पनि आग्रह गरेका थिए । दुई देशबीचको लामो सम्बन्ध स्मरण गराउँदै गृहमन्त्री खाणले अमेरिकाले महामारीविरुद्ध दिँदैआएको सहयोगलाई निरन्तरता दिन आग्रह गरेका थिए । अमेरिकाले आर्थिक वृद्धि, प्रकोप नियन्त्रण र कोभिड महामारीबाट बच्नका लागि दिँदै आएको सहयोगलाई निरन्तरता दियोस् भन्ने हाम्रो अपेक्षा छ । नागरिकलाई महामारीबाट बचाउन खोप आवश्यक छ । त्यो खोप अमेरिकी सहयोगमा उपलब्ध होस् भन्ने हाम्रो अपेक्षा छ गृहमन्त्री खाणको भनाइ उद्धृत गर्दै केसीले भनेका छन् । राजदूत बेरीले विगतमा भएको सहयोग निरन्तर रहने प्रतिवद्धता व्यक्त गरेका थिए । साथै नेपाललाई सहयोग र सहकार्यका लागि आफूहरु तयार रहेको पनि राजदूत बेरीको प्रतिवद्धता थियो ।"
गण्डकीका मन्त्री थापा भन्छन्: मन्त्री बनाउने अधिकार मुख्यमन्त्रीको,"पोखरा : गण्डकी प्रदेशका कानुन, सञ्चार तथा प्रदेश सभा मामिला मन्त्री बिन्दुकुमार थापाले आफ्नो नियुक्तिलाई लिएर आएका समाचारप्रति ध्यानाकर्षण जनाएका छन्। मन्त्रिपरिषदको सदस्यको नियुक्तिको सम्पूर्ण अधिकार मुख्यमन्त्रीमा निहीत रहेको मन्त्री थापाले बताएका छन्। नेपाली कांग्रेसका लागि मैले गरेको योगदान, प्रदेशसभा सदस्य निर्वाचित भएपछि सांसदको हैसियतमा संसदीय दलले दिएको जिम्मेवारीको पूर्ण सफल कार्यान्वयन, पछिल्लो समय गठबन्धनको सरकार निर्माणका बखत मैले खेलेको भूमिका लगायत म कानुनको विद्यार्थी भएको नाताले माननीय मुख्यमन्त्रीज्यूले मन्त्रिपरिषदको सदस्यमा कानुन, सञ्चार तथा संसदीय मामिला मन्त्रिका रुपमा नियुक्त गर्नुभएको हो, विज्ञप्तिमा थापाले भनेका छन्। तनहुँका समानुपातिक सांसद डोबाटे विश्वकर्माको साटो थापा मन्त्री बनेको भन्ने समाचार आएका थिए। तर थापाले विश्वकर्माको नाम उल्लेख नगरी सोही सन्दर्भको विज्ञप्ति जारी गरेका छन्। आफूलाई जोडेर गरिएका अनर्गल प्रचारहरुका भ्रममा नपर्न उनले अनुरोध गरेका छन्। गण्डकी प्रदेशको राजधानीबाट एकमात्र निर्वाचित म मन्त्रीको जिम्मेवारीमा रहिरहँदा नेपाली कांग्रेसको कास्कीको राजनीति कमजोर बनाउने र मेरो छवि धुमिल्याउनका लागि अनावश्यक भ्रम सिर्जना गर्न प्रतिपक्षी उद्धत छ, सोमबार थापाले भनेका छन्, पार्टीकै केही पदाधिकारीहरुले आफ्नो व्यक्तिगत स्वार्थका खातिर केन्द्रीय नेतृत्वलाई नै आक्षेप आउने गरी तथा महाधिवेशनलाई नै प्रभाव पार्ने गरी पार्टी नीति विपरीत नै गुटगत रुपमा आक्रमण गर्न खोजिरहेको स्पष्ट नै छ। पछिल्लो समय देश संघीय लोकतान्त्रिक गणतन्त्रको रुपमा अगाडि बढिरहेको यस अवस्थामा बिचमा केही असहज परिस्थिति निर्माण हुन खोजेको भएता पनि पुन यस कठिन मोडलाई सकारात्मक निष्कर्षमा पुर्याउने जिम्मा संघीय सरकारदेखि गण्डकी प्रदेशसम्म नेपाली कांग्रेसको काँधमा आएको मन्त्री थापाले उल्लेख गरेका छन्।"
विदेशमा बेखर्ची भइ फर्किएका नेपालीको क्वारेन्टाइन खर्च सरकारले गर्ने,"काठमाडौँ: विभिन्न देशबाट बेखर्ची भइ स्वदेश फर्किएका, जेलमुक्त भइ आएका तथा डिपोर्टेसन सेन्टरमार्फत फिर्ता भएका नेपालीहरुको क्वारेन्टाइन खर्च सरकारले गर्ने भएको छ । सोमबार अपराह्न बसेको मन्त्रिपरिषद् बैठकले यस्तो निर्णय गरेको हो । सरकारका प्रवक्ता तथा कानूनमन्त्री ज्ञानेन्द्रबहादुर कार्कीका अनुसार डिपोर्टेसन सेन्टरमार्फत फिर्ता भएका, जेलमुक्त भएका र बेखर्ची भइ फर्किएका नेपाली कामदारहरुका लागि लाग्ने क्वारेन्टाइन खर्च सरकारले व्यहोर्नेछ । श्रम मन्त्रालयले यसको प्रबन्ध गर्नेछ । यस्तै राष्ट्र ऋण पाँचौँ संशोधन नियमावली, २०७८ र ऋणको प्राथमिकता तथा दोस्रो बजार तेस्रो संशोधन नियमावली, २०७८ स्वीकृत गर्ने निर्णय सरकारले गरेको छ । सिंहदरबारस्थित प्रधानमन्त्री तथा मन्त्रिपरिषद्को कार्यालयमा बसेको मन्त्रिपरिषद् बैठकले विभिन्न पाँच निर्णय गरेको थियो । जसमध्ये विभिन्न जिल्लामा जारी गरिएका निषेधाज्ञा लागू हुनुअघि वा आदेशको अवधिभित्र सम्झौता भएका तर काम सम्पन्न हुन नसकेका चालू अवस्था तथा खरिद सम्झौता म्यादसम्बन्धी आपूर्तिकर्ता निर्माण व्यवसायी सेवा प्रदायक वा परामर्शदाताले ६ महिना थप गर्ने मन्त्रिपरिषदले निर्णय गरेको छ । मन्त्रिपरिषदका पाँच निर्णय: १ डिपोर्टेसन सेन्टरमार्फत फिर्ता भएका, जेलमुक्त भएका र बेखर्ची भई नेपाल फर्किएका नेपाली नागरिकहरूका लागि लाग्ने क्वारेन्टिन खर्च नेपाल सरकारले व्यहोर्ने । यसका लागि आवश्यक प्रबन्ध श्रम मन्त्रालयले गर्ने । २ राष्ट्र ऋण पाँचौँ संशोधन नियमावली, २०७८ र ऋणको प्राथमिकता तथा दोस्रो बजार तेस्रो संशोधन नियमावली, २०७८ स्वीकृत गर्ने । ३ विश्व बैंक समूहको अन्तर्राष्ट्रिय विकास संस्थामार्फत आयोजना सञ्चालन गर्न ऋणस्वरूप अमेरिकी ६० मिलियन डलरबराबरको ऋण सहायता स्वीकार गर्ने । ४ विभिन्न जिल्लाका प्रमुख जिल्ला अधिकारीले जारी गरेको निषेधाज्ञा लागू हुनुअघि वा आदेशको अवधिभित्र सम्झौता भएका, तर काम सम्पन्न हुन नसकेका चालू अवस्था तथा खरिद सम्झौता म्यादसम्बन्धी आपूर्तिकर्ता निर्माण व्यवसायी सेवा प्रदायक वा परामर्शदाताले ६ महिना थप गर्ने । ५ सत्य निरुपण तथा मेलमिलाप आयोगको केन्द्रीय कार्यालयका लागि ३५ जना, सोही आयोगको प्रादेशिक मुकाम कार्यालयका लागि २१ जना र बेपत्ता पारिएका व्यक्तिको छानविन आयोगका लागि २३ जना राजपत्रांकित कर्मचारीको अस्थायी दरबन्दी आयोगको म्याद समाप्त भए स्वतः खारेज हुने गरी चालू आव ०७८७९ का लागि स्वीकृत गर्ने ।"
"महासेठको चेतावनी: राष्ट्रपतिमाथि महाभियोग लगाएर त हेर, त्यसपछि के हुन्छ !","काठमाडौं: नेकपा (एमाले) का स्थायी कमिटी सदस्य तथा पूर्व उपप्रधानमन्त्री रघुवीर महासेठले राष्ट्रपति विद्यादेवी भण्डारीमाथि महाभियोग लगाउने हल्ला चलेको भन्दै यस्तो सपना कसैले नदेख्न चेतावनी दिएका छन् । राष्ट्रपतिमाथि महाभियोग लगाउने हल्ला प्रोपोगाण्डा मात्रै हो । यो सम्भव छैन । महाभियोग लगाउन त्यति सजिलो छैन । त्यति सजिलो भएको भए महाभियोग पहिल्यै आउँथ्यो महासेठले भने । सोमबार रिपोर्टर्स क्लबमा नेता महासेठले यस्तो बताएका हुन् । उनले कांग्रेस, माओवादी केन्द्रलगायत दलका नेताहरुलाई राष्ट्रपतिमाथि महाभियोग लगाएर मात्रै हेर्न चूनौती दिए । उनले भने,महाभियोग लगाएर मात्रै हेर्नुहोस्, त्यसपछिको स्थिति के हुन्छ ? छोएर त हेर, लगाएर त हेर ? म चुनौती दिन चाहन्छु । हुन त उहाँहरुसँग संख्या पनि पुग्दैन । महाभियोग लगाएर मात्रै के गर्नु ? त्यो पारित हुन संख्या पनि पुग्नुपर्यो नि । पास नै हुँदैन । नेता महासेठले आगामी चुनावसम्म केपी ओली, माधव नेपाल र प्रचण्ड एकै ठाउँमा उभिने जिकिर गरे । उनले भने,उहाँहरु मिल्नुको विकल्प छैन । कम्युनिष्टहरु मिल्नुपर्छ । हेर्नुहोस, हिजो माओवादी केन्द्रलाई त हामीले जीवनदान दिएका हौँ । त्यो कुरा उहाँहरुलाई राम्रोसँग थाहा छ । त्यसैले हामी सबै कम्युनिष्ट एक ठाउँमा उभिनुको विकल्प छैन । हामी चाहन्छौं कि सबै कम्युनिष्टहरु एक हौँ ।"
"उपेन्द्र यादव पक्षले पायो जसपाको आधिकारिकता, महन्थले नयाँ दल दर्ता गर्नुपर्ने","काठमाडौं : निर्वाचन आयोगले जनता समाजवादी पार्टी (जसपा) को उपेन्द्र यादव पक्षलाई आधिकारिकता दिएको छ। सोमबार निर्वाचन आयोगको इजलासले जसपाका अध्यक्ष महन्थ ठाकुर र अर्का अध्यक्ष उपेन्द्र यादव पक्षका कार्यकारिणी सदस्यलाई आयोगमा बोलाएर सनाखत गराउँदा यादव पक्षमा बहुमत देखिएकाले उनैलाई आधिकारिकता दिएको हो। जसपाको ५१ सदस्यीय कार्यकारिणी सदस्यमध्ये ३४ सदस्यले अध्यक्ष यादवको पक्षमा हस्ताक्षर गरेका छन्। पार्टीका अर्का अध्यक्ष महन्थ ठाकुरका पक्षमा १६ सदस्यले हस्ताक्षर गरेका छन्। हाल जेल सजाय भोगिरहेका जसपाका सांसद रेशम चौधरी निर्वाचन आयोग परिसर पुगे पनि तटस्थ बसेका छन्। निर्वाचन आयोगका सहायक प्रवक्ता कोमलप्रसाद धमलाका अनुसार महन्थ ठाकुरले नयाँ पार्टी दर्ता गर्ने भए रित पुर्याएर निवेदनसहित आउनुपर्ने छ। निर्वाचन आयोगका प्रमुख निर्वाचन आयुक्त दिनेशप्रसाद थपलिया, निर्वाचन आयुक्तहरू ईश्वरीप्रसाद पौड्याल, रामप्रसाद भण्डारी, डा जानकीकुमारी तुलाधर र सगुन शमशेर जबरा रहेको इजलास गठन भएको थियो। कुन नेता कता ? उपेन्द्र यादव पक्ष १ उपेन्द्र यादव२ अशोक राई३ डाबाबुराम भट्टराई४ महेन्द्रराय यादव५ राजकिशोर यादव६ गोविन्द चौधरी७ मृगेन्द्रकुमार सिंह यादव८ नवलकिशोर शाह९ अमृतादेवी अग्रहरी१० रामनरेश राय यादव११ राजेन्द्रप्रसाद श्रेष्ठ१२ नवराज सुवेदी१३ परशुराम खापुङ१४ युवराज कार्की१५ रकम चेम्जोङ१६ रेणुकमारी यादव१७ मो।लालबाबु राउत१८ हिसिला यमी१९ हेमराज राई२० गंगानारायण श्रेष्ठ२१ रणध्वज कन्दङ्वा२२ रामसहाय प्रसाद यादव२३ डम्मरु बल्लभ खतिवडा२४ प्रकाश अधिकारी२५ मोईस्तियाक राई२६ दुर्गा सोब२७ परशुराम बस्नेत२८ प्रसान्त सिंह२९ भक्तबहादुर शाह३० शुशिला श्रेष्ठ३१ विजयकुमार यादव३२ रमेशप्रसाद यादव ३३ गजाधर रोहिता यादव३४ मनिषकुमार सुमन महन्थ ठाकुर पक्ष १ महन्थ ठाकुर२ राजेन्द्र महतो३ शरत् सिंह भण्डारी४ अनिलकुमार झा५ सर्वेन्द्रनाथ शुक्ल६ वृषेशचन्द्र लाल७ जितेन्द्रप्रसाद सोनार ८ उमाकान्त झा९ चन्दा चौधरी१० लक्ष्मणलाल कर्ण११ राजकुमार लेखी१२ केशबकुमार झा१३ अकवाल अहमद शाह१४ दानबहादुर विश्वकर्मा१५ निर्जला राउत१६ सुनीलकुमार झा तटस्थ१ रेशम चौधरी"
कांग्रेस नेता घिमिरेको निधनप्रति प्रधानमन्त्री देउवाले गरे दु:ख व्यक्त,काठमाडौं : प्रधानमन्त्री शेरबहादुर देउवाले नेपाली कांग्रेस जिल्ला कार्यसमिति ललितपुरका सचिव भीमसेन घिमिरेको निधनप्रति दु:ख व्यक्त गरेका छन्। घिमिरेको सोमबार बिहान पाटन अस्पतालमा उपचारका क्रममा निधन भएको थियो। घिमिरे २०७४ को स्थानीय निर्वाचनमा पार्टीका तर्फबाट ललितपुरको महांकाल गाउँपालिकाको अध्यक्ष पदका उम्मेदवार समेत भएका थिए। नेपाल विद्यार्थी संघबाट राजनीतिक जीवन यात्रा प्रारम्भ गरेका घिमिरेले नेपाली कांग्रेसको संगठन निर्माण र नेपालको लोकतान्त्रिक आन्दोलनहरुमा सक्रिय भूमिका निर्वाह गरेको थिए।
जसपा विवाद : निर्वाचन आयोगमा नेताहरुको सनाखत सुरु,काठमाडौं : निर्वाचन आयोग पुगेर छुट्टिने सहमति गरेका जनता सामाजवादी पार्टी (जसपा) का दुई पक्षका नेताको सोमबार हेड काउन्ट सुरु भएको छ। जसपाको आन्तरिक विवाद टुंग्याउन आयोगले केन्द्रीय कार्यकारिणी समितिका सदस्यको सनाखत लिन लागेको हो। यसका लागि आयोगले दुवै पक्षका नेतालाई सोमबार नागरिकतासहित सशरीर आयोगमा बोलाएको छ। अध्यक्षद्वय महन्थ ठाकुर र उपेन्द्र यादव पक्षबीच विवाद भएपछि दुवै पक्षले पार्टीको आधिकारिकता दाबी गरिरहेका छन्। यादव पक्षले आफ्नो पक्षमा बहुमत केन्द्रीय कार्यकारिणी समिति सदस्य भएको दाबी गर्दै निर्वाचन आयोग गएको थियो। त्यस्तै ठाकुर पक्षले पनि जसपा आफूहरूको हुनुपर्ने दाबी गरिरहेको छ। विवाद टुंग्याउन आयोगले साउन ११ गते आयोगमा सनाखतका लागि सशरीर उपस्थित हुन भनेको थियो। तर त्यसविरुद्ध ठाकुर पक्षले सर्वोच्च अदालतमा रिट दिएको थियो। यद्यपि अदालतले ठाकुर पक्षको माग बमोजिम आइतबार अन्तरिम आदेश दिन अस्विकार गरेको छ। सोमबार नेताको हेड काउन्ट गरेर आयोगले बहुमत रहेको पक्षलाई आधिकारिकता प्रदान गर्ने अनुमान गरिएको छ।
रेशम चौधरी सनाखत गर्न निर्वाचन आयोग जाने,"काठमाडौं : जेलजीवन बिताइरहेका जसपा नेता रेशम चौधरी निर्वाचन आयोगमै उपस्थित भएर सनाखत गर्ने भएका छन्। यसअघि उनले हस्ताक्षर जेलबाटै लिने तयारी गरेका थिए। तर, निर्वाचन आयोगमै गएर सनाखत गर्ने अडान लिएपछि उनी त्यहाँ आउन लागेका हुन्। नेता उपेन्द्र यादवका अनुसार रेशम चौधरी यादव समूहकै पक्षमा उपस्थित हुनेछन् । निर्वाचन आयोगले जसपाको आधिकारिकतासम्बन्धी विवादको टुंगो लगाउन पार्टीको केन्द्रीय कार्यकारिणी समितिका सदस्यलाई नागरिकतासहित सशरीर आयोगमा बोलाएको छ।अध्यक्षद्वय उपेन्द्र यादव र महन्थ ठाकुर पक्षका नेताहरु आयोगमा पुगेर हस्ताक्षर गरिसकेका छन्। यादव पक्षमा ३४ जनाले हस्ताक्षर गरेका छन् । जवकि निर्वाचन आयोगले ५१ जनाको सनाखत गरेको थियो ।साथै यादव समूहले आफ्नो पक्षमा अझै अरु नेताहरुले हस्ताक्षर गर्न बाँकी नै रहेकाले आफूहरुको पक्षमा वहुमत रहेको दावी गरेका छन् । हालसम्म उपेन्द्र यादवको पक्षमा ३४ र ठाकुर पक्षमा १६ जनाले हस्ताक्षर गरेका छन् ।"
जसपा आधिकारिकता यादव समूहले पाउने सम्भावना: कुन नेता कता ? (नामावलीसहित),काठमाडौँ: जसपाभित्र आधिकारिकता विवाद निर्वाचन आयोगले सोमबार टुंग्याउँदैछ । यसका लागि जसपाका सबै ५१ जना केन्द्रीय कार्यकारिणी सदस्यहरु आयोगमा उपस्थित भएका छन् । जसमध्ये ३४ जनाले उपेन्द्र यादव पक्षमा हस्ताक्षर गरे भने १६ जना महन्थ ठाकुरको पक्षमा उभिए । आयोगले यसअघि नै जसपा केन्द्रीय कार्यकारिणी समितिमा रहेका सदस्यहरुलाई सनाखतका लागि बोलाएको थियो । आयोगमा जसपाको ५१ जना केन्द्रीय कार्यकारिणी सदस्यको नामावली छ । सोमबार दिउँसो उनीहरु सबै सनाखतका लागि आयोग पुगेका थिए । कारागारमा रहेका जसपा केन्द्रीय कार्यकारिणी सदस्य रेशम चौधरी समेत हस्ताक्षरका लागि आयोगमा पुगेका छन् । उपेन्द्र समूहका नेताहरुका अनुसार चौधरीले पनि यादव समूहका लागि नै हस्ताक्षर गर्दैछन् । यससँगै अब जसपाको विवाद निरुपण भएको छ । अध्यक्ष यादवले महन्थ ठाकुरलाई सच्चिएर आत्मालोचना गरेर आएमा पार्टीमा समेट्न सकिने प्रतिक्रिया दिएका छन् । जवकि ठाकुर आयोगको यो सनाखत प्रक्रियाको विपक्षमा थिए । उनले यस निर्णयविरुद्ध अदालतमा रिट समेत दायर गरेका थिए । आयोगको यो निर्णयसँगै जसपाको आधिकारिकता उपेन्द्र यादव समूहले पाएको छ । उनको पक्षमा दुईतिहाइ केन्द्रीय कार्यकारिणी सदस्य उभिएका छन् । कुन नेता कुन समूहमा ? १ उपेन्द्र यादव२ अशोक राई३ डाबाबुराम भट्टराई४ महेन्द्रराय यादव५ राजकिशोर यादव६ गोविन्द चौधरी७ मृगेन्द्रकुमार सिंह यादव८ नवलकिशोर शाह९ अमृतादेवी अग्रहरी१० रामनरेश राय यादव११ राजेन्द्रप्रसाद श्रेष्ठ१२ नवराज सुवेदी१३ परशुराम खापुङ१४ युवराज कार्की१५ रकम चेम्जोङ१६ रेणुकमारी यादव१७ मो।लालबाबु राउत१८ हिसिला यमी१९ हेमराज राई२० गंगानारायण श्रेष्ठ२१ रणध्वज कन्दङ्वा२२ रामसहाय प्रसाद यादव२३ डम्मरु बल्लभ खतिवडा२४ प्रकाश अधिकारी२५ मोईस्तियाक राई२६ दुर्गा सोब२७ परशुराम बस्नेत२८ प्रसान्त सिंह२९ भक्तबहादुर शाह३० शुशिला श्रेष्ठ३१ विजयकुमार यादव३२ रमेशप्रसाद यादव ३३ गजाधर रोहिता यादव३४ मनिषकुमार सुमन महन्थ ठाकुर समूह १ महन्थ ठाकुर२ राजेन्द्र महतो३ शरत् सिंह भण्डारी४ अनिलकुमार झा५ सर्वेन्द्रनाथ शुक्ल६ वृषेशचन्द्र लाल७ जितेन्द्रप्रसाद सोनार ८ उमाकान्त झा९ चन्दा चौधरी१० लक्ष्मणलाल कर्ण११ राजकुमार लेखी१२ केशबकुमार झा१३ अकवाल अहमद शाह१४ दानबहादुर विश्वकर्मा१५ निर्जला राउत१६ सुनीलकुमार झा
"संघीयताको खारेजी, धर्मनिरपेक्षताबारे जनमत संग्रहको पक्षमा उठेको आवाज सकारात्मक : थापा","काठमाडौं : राष्ट्रिय प्रजातन्त्र पार्टी (राप्रपा)का अध्यक्ष कमल थापाले राप्रपा एक्लैले उठाउँदै आएको एजेण्डाको पक्षमा जनमत बढ्दै गएको दाबी गरेका छन् । सोमबार उनले संघीयताको खारेजी, धर्मनिरपेक्षताबारे जनमत संग्रह र राजसंस्था पुनःस्थापनाका सम्बन्धमा विभिन्न पक्षबाट उठिरहेको आवाज सकारात्मक भएको धारणा राखेका छन्। पार्टीको आन्तरिक छलफल र बहसका लागि भन्दै मार्ग परिवर्तन : विचारभन्दा माथि देशशीर्षकको अवधारणा पत्रमार्फत सोमबार विवेकशील साझा पार्टीका अध्यक्ष रवीन्द्र मिश्रले स्थानीय निकायलाई पुनर्संरचना, संघीयता खारेज र धर्मनिरपेक्षताबारे जनमत संग्रहमा जानुपर्ने धारणा अगाडि सारेका थिए। सोही विषयमा बहस सुरु भएपछि थापाले यस्तो बताएका हुन्। मिश्रले संघीयता देशमा थप भ्रष्टाचार र आर्थिक भारको स्रोत, नेपालको अखण्डताको लागि घातक भएको उल्लेख गरेका छन्। नेपालमा शिशु अवस्थामै रहेको संघीयता यो देशले राजनीतिक, आर्थिक र भूराजनैतिक कुनै पनि दृष्टिकोणबाट धान्न सक्दैन भन्ने विज्ञ तथा आम सर्वसाधारणको कमी छैन। मिश्रले भनेका छन्, संविधान निर्माण हुनुअघि संघीयताको पक्षमा देखिएका कयौँ नेता तथा सर्वसाधारणहरू समेत संघीयताले सिंहदरबारको भ्रष्टाचार गाउँगाउँसम्म पुर्याएको, अनावश्यकरूपमा जनप्रतिनिधि तथा कर्मचारीको संख्या बढाएको, शासकीय दृष्टिकोणबाट झन् भाँडभैलो फैलाएको, संघीयताको आर्थिक बोझ अर्थतन्त्रले धान्न नसक्ने देखिदै गएको र दीर्घकालमा यसले देशको अखण्डतामाथि समेत प्रश्न सृजना गर्ने सम्भावना बढेको भन्दै आलोचना गर्न थालेका छन्। मिश्रले धर्मनिरपेक्षताको एजेन्डा ६२६३ को जनआन्दोलन र मधेस आन्दोलनमा नउठेको स्मरण गरेका छन्। उनले पछिल्ला वर्षहरुमा धर्म निरपेक्षता यो देशको धर्म र संस्कृति मास्नका लागि जस्केलाबाट घुसाइएको हो भन्ने धारणा प्रबल बन्दै गएको बताएका छन्। धर्म र संस्कृति देशको पहिचान, स्वाभिमान र स्वाधीनतासँग पनि जोडिएको हुनाले त्यसलाई केवल सैद्धान्तिक आँखाबाट हेरेर हल्कासँग लिन नमिल्ने मिश्रको तर्क छ।"
विवाद निरुपणमा हस्ताक्षर गर्न कारागारबाट सिधै निर्वाचन आयोग पुगे रेशम चौधरी,काठमाडौँ: डिल्लीबजार कारागारमा रहेका जसपाका नेता रेशम चौधरी पार्टीको आधिकारिकता विवाद समाधानका लागि हस्ताक्षर गर्न निर्वाचन आयोग पुगेका छन् । जसपाका केन्द्रीय कार्यकारिणी सदस्य चौधरीले उपेन्द्र यादव समूहका लागि हस्ताक्षर गर्ने बुझिएको छ । यसअघि आयोगले सनाखतका लागि जसपाका ५१ जना केन्द्रीय कार्यकारिणी सदस्यहरुलाई आयोगमा उपस्थित हुन आग्रह गरेको थियो । नेता चौधरी सोमबार दिउँसो कडा सुरक्षाका बीच आयोग पुगेका थिए । अध्यक्ष उपेन्द्र यादव समूहका नेताहरुले चौधरी आफ्नै समूहमा रहेको प्रतिक्रिया दिँदैआएका छन् । कैलाली घटनामा चौधरीलाई अदालतले मुख्य दोषी ठहर गरेपछि उनको सांसद पद खारेज भएको हो ।
जसपाको आधिकारिकता: कस्तो छ निर्वाचन आयोगको फैसलाको पूर्णपाठ?,"काठमाडौं : निर्वाचन आयोगले जनता समाजवादी पार्टी (जसपा) को आधिकारिकता उपेन्द्र यादव पक्षलाई दिने फैसला गरेको छ। सोमबार निर्वाचन आयोगको इजलासले उपेन्द्र यादव पक्षका कार्यकारिणी सदस्यको बहुमत देखिएकाले उनैलाई आधिकारिकता दिएको हो। आयोगको मिति साउन ७ गतेको आदेश वमोजिम आइतबार दलको केन्द्रीय कार्यकारिणी समितका पदाधिकारी र सदस्यहरुको कानून तथा राजनीतिक दल व्यवस्थापन महाशाखा प्रमुखको संयोजकत्वमा सनाखत गराउने कार्य सम्पन्न भई इजलास समक्ष पेश हुन आएको सो सनाखत कागजमा जनता समाजवादी पार्टी, नेपालको केन्द्रीय कार्यकारिणी समितिका पदाधिकारी एवम् सदस्यहरुको संख्या ५१ (एकाउन्न) रहेकोमा ५१ (एकाउन्न) जना सबै पदाधिकारी एवम् सदस्य उपस्थित भई निवेदक मागदावीकर्ता उपेन्द्र यादवको सर्मथनको पक्षमा ३४ (चौतीस) जनाले र लिखित जवाफ प्रस्तुतकर्ता महन्थ ठाकुरको सर्मथनको पक्षमा १६ (स्रोह) जनाले सनाखत गरेको देखियो। जारी फैसलामा भनिएको छ, केन्द्रीय कार्यकारिणी समितिमा रहनु भएका एक जना सदस्य आयोगमा उपस्थित भई कुनै पक्षमा सनाखत नगरी तटस्थ रहेको देखियो। लोकतान्त्रिक शासन व्यवस्थामा वहुमतको निर्णयलाई सर्वोपरी मान्नुपर्ने मुल्य मान्यता रहेको आयोगले जनाएको छ। आयोगले महन्थ ठाकुर पक्षलाई राजनीतिक दल सम्बन्धी ऐन,२०७३ को दफा ४४ को उपदफा (६) बमोजिम छुट्टै राजनीतिक दलको रुपमा दर्ता गर्न आएमा प्रचलित कानून बमोजिम छुट्टै राजनीतिक दलको रुपमा मान्यता दिने निर्णय गरेको छ। राजनीतिक दल सम्बन्धी ऐन,२०७३ को दफा ४४ को उपदफा (६) मा आयोगमा दावी पेश गर्नु अघि त्यस्तो दलका तर्फबाट आयोगमा पेश भएको केन्द्रीय समितिका पदाधिकारी र सदस्यहरुमध्ये जुन पक्षसंग त्यस्तो समितिका पदाधिकारी र सदस्यको वहुमत रहेको छ त्यस्तो पक्षलाई विवाद उत्पन्न हुनु अघिको दलको हैसियतमा मान्यता दिई अर्को पक्षलाई छुट्टै राजनीतिक दलको रुपमा मान्यता दिई दर्ता गर्न सक्नेछ भन्ने कानूनी व्यवस्था रहेको छ। फैसलामा भनिएको छ, जनता समाजवादी पार्टी, नेपाल नामक राजनीतिक दलको केन्द्रीय कार्यकारिणी समितिको तत्काल कायम रहेका कुल ५१ सदस्य संख्या मध्ये बहमत सदस्य निवेदक उपेन्द्र यादव पक्षको सर्मथनमा रहेको देखिदा उक्त पक्षले नै दलको मान्यता पाउने देखियो। लिखित जवाफ प्रस्तुतकर्ता अर्को पक्षलाई राजनीतिक दल सम्बन्धी ऐन,२०७३ को दफा ४४ को उपदफा (६) बमोजिम छुट्टै राजनीतिक दलको रुपमा दर्ता गर्न आएमा प्रचलित कानून वमोजिम छुट्टै राजनीतिक दलको रुपमा मान्यता दिई दर्ता गरिदिने ठहर्छ। आयोगले महन्थ ठाकुरले जेठ ३ गतेका दिनदेखि लागु हुने गरी पदाधिकारीको हेरफेर तथा पुर्नगठन गर्ने गरी गरेको निर्णय राजनीतिक दल सम्बन्धी ऐन,२०७३ को दफा ५१बमोजिम भनेर असार १ मा आयोगमा जानकारी गराएको देखिएको तर सो निर्णयको अभिलेख आयोगमा अद्यावधिक नभएको जनाएको छ। फैसलामा भनिएको छ, जनता समाजवादी पार्टी,नेपालको अन्तरिम विधान,२०७७ मा स्पष्टसँग सम्बोधन नभएको व्यवस्थालाई केन्द्रीय कार्यकारिणी समितिले अधिकार प्रत्यायोजन गरी सिर्जना गरेको अधिकार अन्तर्गत भनी अध्यक्ष महन्थ ठाकुरले मिति २०७८२३ गतेका दिनदेखि लागु हुने गरी पदाधिकारीको हेरफेर तथा पुर्नगठन गर्ने गरी गरेको निर्णय राजनीतिक दल सम्बन्धी ऐन,२०७३ को दफा ५१ वमोजिम भनी मिति २०७८३१ मा आयोगमा जानकारी गराएको देखिएको तर सो निर्णयको अभिलेख आयोगमा अद्यावधिक नभएको हुँदा सो निर्णयलाई प्रमाण ऐन,२०३१ को दफा ३ समेतको आधारमा प्रमाणको रुपमा ग्रहण गरी थप विवेचना गरिरहन परेन। यसर्थ सो दलको मिति २०७७९७ को केन्द्रीय कार्यकारिणी समितिबाट भएको भनिएको निर्णय बमोजिम अध्यक्ष महन्थ ठाकुरले प्रत्यायोजित अधिकार प्रयोग गरी मिति २०७८२३ देखि लागु हुने गरी सो दलको केन्द्रीय कार्यकारिणी समितिको हेरफेर तथा पुर्नगठन गर्ने गरी गरेको कार्यलाई राजनीतिक दल सम्बन्धी ऐन,२०७३ को दफा ५१ बमोजिम अद्यावधिक गर्न मिल्ने देखिएन। निर्वाचन आयोगका प्रमुख निर्वाचन आयुक्त दिनेशप्रसाद थपलिया, निर्वाचन आयुक्तहरू ईश्वरीप्रसाद पौड्याल, रामप्रसाद भण्डारी, डा जानकीकुमारी तुलाधर र सगुन शमशेर जबरा रहेको इजलास गठन भएको थियो। फैसलाको पूर्णपाठ"
मेलम्चीवासीका मागप्रति सरकार गम्भीर,"काठमाडौं : प्रधानमन्त्री शेरबहादुर देउवासँग मेलम्ची बाढी प्रभावितले मेलम्ची वरपरका क्षेत्रमा तत्काल तटबन्धको व्यवस्था मिलाउन माग गरेका छन् । मेलम्चीका बाढी प्रभावित सागरकुमार श्रेष्ठको नेतृत्वमा आएको टोलीले सोमबार प्रधानमन्त्री शेरबहादुर देउवालाई प्रधानमन्त्रीको सरकारी निवास बालुवाटारमा भेटेर मेलम्ची बाढी प्रभावित क्षेत्रमा थप क्षति हुन नदिन तत्काल तटबन्धको व्यवस्था गर्न माग गरेका हुन् । बाढी प्रभावितले नदिलाई पुरानै धारमा कायम गर्नुपर्ने, बाढीमा पुरिएका घर र खेत जोगाउन माटो व्यवस्थापन, स्काभेटरमार्फत जमिनको सतह मिलाउने प्रबन्ध गर्नुपर्ने, बाढीले घरबारविहीन भएका र रोजीरोटी गुमाएका, व्यवसायमा क्षति पुगेकालाई उचित आर्थिक प्याकेज ल्याउनुपर्ने बताएका छन् । यस्तै बैंकको ऋणबाट व्यवसाय गरिरहेकालाई व्याज मिनाहा र सहुलियतको व्यवस्था मिलाउनुपर्ने, किसान, उद्योगी, व्यापारी विद्यार्थीका लागि अल्पकालीन र दीर्घकालीन राहत प्याकेज घोषणा गर्नुपर्ने, मेलम्ची र हेलम्बुमा तत्काल बेलिब्रिजको व्यवस्था गर्नुपर्ने, विद्युत् महसुलमा छुटको प्रबन्ध मिलाउनुपर्ने मागसमेत गरेका छन् । उनीहरुले बाढीग्रस्त क्षेत्रको पुनःनिर्माणका लागि बृहत् परियोजनाका लागि सरकारले आवश्यक बजेटको व्यवस्था गर्नुपर्ने, मृतकका परिवारलाई उचित क्षतिपूर्ति, जीवन निर्वाह गर्न रोजगारी र उनीहरुका सन्तानलाई उच्च शिक्षासम्मका लागि सरकारले प्रबन्ध गर्नुपर्ने बताएका छन् । भेटपछि प्रधानमन्त्री देउवाले बाढी र पहिराले मेलम्ची क्षेत्रमा पुर्याएको क्षतिका बारेमा आफू जानकार रहेको बताउँदै मेलम्चीवासीले राखेको मागका बारेमा सरकार गम्भीर रहेको स्पष्ट पारे। २०७२ वैशाख १२ गते गएको गोरखा भूकम्पले सबैभन्दा ठूलो क्षति व्यहोरेको मेलम्चीले २०७८ असार १ गते राति परेको अविरल वर्षासँगै आएको बाढीले ठूलो क्षति पुर्याएको छ । बाढीले सिन्धुपाल्चोकको हेलम्बु गाउँपालिका, मेलम्ची नगरपालिका र पाँचपोखरी थाङपाल गाउँपालिकामा ठूलो क्षति पुर्याएको थियो । रासस"
लेखक संग्रौलाले भने: महेश बस्नेतबाट धम्की आयो !,"काठमाडौँ: लेखक तथा नागरिक समाजका अगुवा खगेन्द्र संग्रौलाले नेकपा एमालेका नेता महेश बस्नेतबाट धम्की आएको बताएका छन् । ट्वीटरमार्फत संग्रौलाले यस्तो बताएका हुन् । बस्नेतले आफूलाई 'साइबर सेना लगाएर तह लगाउने' धम्की दिएको लेखक संग्रौलाको भनाइ छ । लेखक संग्रौलाले ट्वीटरमा लेखेका छन्, 'शाही निरङ्कुशतामा मण्डलेका र संकटकालमा शाही सेनाका परोक्ष धम्की झेलेको थिएँ । अहिले गणतन्त्रमा माननीय महेश बस्नेतले साइबर सेना लाएर तह लाउने प्रत्यक्ष धम्की दिए । तह लाउने बदनाम गरेर, कुटेर हो कि मारेर हो ? यो अति उदार र सहिष्णु ओली सरको आदेश बमोजिमको धम्की त होला । धन्य ओली सर !' संग्रौला सत्ताको कडा आलोचना गर्दै नियमित लेखिरहने लेखक तथा अभियन्ताको रुपमा चिनिन्छन् । उनी पछिल्लो समय वृहद् नागरिक अभियानको अगुवामध्ये एक हुन् ।"
जनता केन्द्रित शासन स्थापित गर्न नसक्दा ओली सरकारको बर्हिगमन : डा महत,"गुल्मी : नेपाली काँग्रेसका सहमहामन्त्री डा प्रकाशशरण महतले ओली सरकारको ज्यादतिका कारण नेपाली काँग्रेसलाई अहिले अनपेक्षितरुपमा सरकार सञ्चालनको अवसर प्राप्त भएको बताएका छन् । उनले नेपाली काँग्रेसको नेतृत्वको सही समयमा सही निर्णय गर्ने सुझबुझ र परिपक्वताले मुलुकमा विधिको शासनलाई स्थापित गर्न मद्दत पुगेको धारणा राखे । नेपाली काँग्रेस गुल्मीले आज बिपी स्मृति भवन तम्घासमा आयोजना गरेको पाटी कार्यकर्ता भेटघाट कार्यक्रममा नेता महतले लोकतान्त्रिक मूल्यमान्यता, विधिको शासन एवं भ्रष्टाचारमुक्त र जनता केन्द्रित शासन स्थापित गर्न नसकेका कारण ओली सरकार बर्हिगमन हुनुपरेको बताए । सहमहामन्त्री डा महतले भन्नुभयो 'धैर्यता, संयमता र सुझबुझपूर्ण तरिकाबाट जसरी सत्ता सञ्चालनको जिम्मेवारीमा हामी पुगेका छौँ, त्यहीअनुरुप संयमित रुपमा शासन सत्ता सञ्चालन गर्नुपर्छ, कहीँकतै पनि प्रश्न गर्ने ठाउँ दिनुहुँदैन', नेता महतले भने । उनले मुलुक सञ्चालन गर्नका लागि इमान, सीप र समपर्ण चाहिने भन्दै त्यो कुरा नेपालका कम्युनिष्टहरुमा नदेखिएको आरोप पनि लगाए । उनले जनताका चाहना र अपेक्षा बुझेर नै वर्तमान सरकारले काम गर्ने पनि बताए । नेपाली काँग्रेस विधि र संविधानमा विश्वास गर्ने पार्टी भएका कारण जनताले यो सरकारप्रति ठूलो अपेक्षा गरेको भन्दै नेता महतले उक्त अपेक्षालाई पूरा गर्न पनि वर्तमान सरकारलाई कहीँकतै त्रुटि नगरी सजग भएर पाइला चाल्नसमेत आग्रह गरे । कार्यक्रममा नेपाली काँग्रेसका नेता एवं केन्द्रीय सदस्य डा चन्द्र भण्डारीले यो अवस्थामा नेपाली काँग्रेसको काँधमा सरकार सञ्चालनको जिम्मेवारी आउनु भनेको अवसर र चुनौती दुवै उत्तिकै रहेको भन्दै यो अग्नि परीक्षामा खरो उत्रिनुपर्ने बताए । कार्यक्रममा नेपाली काँग्रेस गुल्मीका पार्टी सभापति भुवनप्रसाद श्रेष्ठले व्यक्तिभन्दा माथि उठेर मुलुक र पार्टीका लागि लाग्न नेतृत्व पङ्क्तिलाई सुझाव दिए।  रासस"
प्रदेश सरकार परिवर्तनको कुरा निराधार : मुख्यमन्त्री भट्ट,"धनगढी : सुदूरपश्चिम प्रदेशका मुख्यमन्त्री त्रिलोचन भट्टले प्रदेश सरकारको नेतृत्व परिवर्तनको कुरा निराधार भएको बताएका छन् । उनले अहिले सरकारको नेतृत्व परिवर्तन गर्ने बेला नभएको बताए। 'हामी हाम्रो प्रदेशमा कसरी कोरोना नियन्त्रण तथा रोकथाम गर्ने भन्ने प्रयासमा छौँ, उनले थप भने, 'काम नपाएकाहरु सरकार परिवर्तन हुँदैछ भन्ने हल्ला फिँजाउँदैछन् ।' साथै मुख्यमन्त्री भट्टले सरकार परिवर्तन हुने भन्ने निराधार हल्ला तथा भ्रमका पछि नलाग्न र विकासका योजना तथा महामारी नियन्त्रणका क्षेत्रमा लाग्न सबैमा आग्रह गरे। उनले अहिले देशकै राजनीतिक समीकरण परिवर्तन भएकाबेला प्रदेश सरकार हेरफेर भए पनि नौलो कुरा नहुने जानकारी दिए । दुई तिहाइको सङ्घीय सरकार आफ्नै कारणले विघटन भए पनि सुदूरपश्चिम सरकारले एमालेसँगको गठबन्धन प्राथमिकतामा राखेको र यो कुनै पनि हालतमा नटुट्ने उनले जिकिर गरे। अन्य प्रदेश सरकारभन्दा कम काम नगरेको जनाउँदै मुख्यमन्त्री भट्टले देशमा सुशासन, जनआकाङ्क्षाको सम्बोधन, भौतिक तथा सामाजिक विकासलगायत सूचकमा दोब्बर वृद्धि गरेको बताए । यहाँका अधिकांश जिल्ला सदरमुकाम जोड्ने सडक कालोपत्र नभएका बेला गठन भएको प्रदेश सरकारले तीन वर्षभित्रै प्रत्येक जिल्लाका पालिका जोड्ने सडक कालोपत्र गर्न सफल भएको र कतिपय यहाँका धार्मिक, पर्यटकीय क्षेत्रका सडकसमेत कालोपत्रको तयारीमा रहेको उनको जिकिर थियो । रासस"
"संग्रौलालाई बस्नेतको जवाफ : धम्काउने, थर्काउने मेरो शैली होइन","काठमाडौं : नेकपा एमालेका नेता महेश बस्नेतले धम्काउने थर्काउने आफ्नो शैली नभएको बताएका छन्। आइतबार ट्वीटरमार्फत लेखक खगेन्द्र संग्रौलाले बस्नेतबाट धम्की आएको सार्वजनिक गरेपछि उनले फेसबुकमार्फत सोमबार जवाफ फर्काएका हुन्। असल संस्कार युक्त परिवारमा हुर्केको बताउँदै बस्नेतले सेवा र आदरभावका साथ प्रस्तुत हुनु आफ्नो स्वभाव भएको प्रस्ट्याएका छन्। खगेन्द्र संग्रौला बाजेले आज फेरि अर्को गफ दिएछन्।गाली शिरोमणिको उपमा पाएका बाजे अरुलाई होच्याउन र अपमान गर्न निकै सिपालु मानिन्छन्। उनले लेखेका छन्, म भक्तपुरको असल संस्कार युक्त परिवारमा हुर्केको मान्छे हुँ। राजनीतिक रुपमा पनि जेष्ठ नागरिक र अग्रजहरुको सम्मान गर्ने एमाले उक्त पार्टीका नेताहरु मनमोहन अधिकारी र केपी ओलीको अनुयायी हुँ। सेवा र आदरभावका साथ प्रस्तुत हुनु मेरो स्वभाव हो। धम्काउने थर्काउने मेरो शैली होइन। उनले उपत्यका युथ फोर्स कमाण्ड घोषणा सभामा खगेन्द्रलाई धम्की नदिएको, माधव नेपाल कमरेडलाई नथर्काएको बताएका छन्। जहाँसम्म अस्ति ९ गते उपत्यका युथ फोर्स कमान्ड घोषण सभामा मैले बोलेको बिषय छ। न खगेन्द्र बाजेलाई धम्की दिएको छ। न माधव नेपाल कमरेडलाई थर्काएको छ। न तेसो गर्न आवस्यक नै छ। उनले भनेका छन्,युथ फोर्सले जाई कटक नगर्नु झिकि कटक गर्नु भन्ने पृथ्वीनारायण शाहको दिव्य उपदेशको फलो गर्नेछ। सहज ढंगले आफ्नो लक्ष्यमा हिँड्नेछ। बाधा अड्चन आइपरे मात्र हटाउनेछ। बस्नेतले एमालेको पक्ति र जनतनसँग सत्रुता साँध्ने शक्तिबाहेक कोही त्रसित हुन आवश्यक नभएको बताएका छन्। उनले युथ फोर्सको गठनले असाहाय, पीडित, गरिब, देशभक्त, प्रगतिशील र जनवादी शक्ति उत्साहित भएको धारणा राखेका छन्।"
वहुमत सदस्यको साथ पाएपछि उपेन्द्र यादवले भने: छिट्टै सरकारमा जान्छौँ,काठमाडौँ: जनता समाजवादी पार्टी (जसपा) का अध्यक्ष उपेन्द्र यादवले आफ्नो पार्टी अब छिट्टै शेरबहादुर देउवा नेतृत्वको सरकारमा सहभागी हुने बताएका छन्। आधिकारिकताको विवाद टुंगिएसँगै नेता यादवले सोमबार यस्तो प्रतिक्रिया दिएका हुन् । निर्वाचन आयोगले जसपाको केन्द्रीय कार्यकारिणी समितिका सदस्यहरुको सनाखत गराएसँगै जसपाको विवाद लगभग टुंगिएको छ । सोमबार आयोगमा पुगेका संचारकर्मीहरुसँग नेता यादवले आफ्नो पक्षमा बहुमत कार्यकारिणी सदस्यको हस्ताक्षर जुटेको भन्दै महन्थ ठाकुर पक्षले आत्मालोचना गरेर आए पार्टीले बिचार गर्ने बताएका थिए । निर्वाचन आयोगमा उपस्थित भएका ५१ सदस्यीय कार्यकारिणी समितिका सदस्यमध्ये ३४ जनाले उपेन्द्र पक्षमा सनाखत गरेका थिए । यससँगै जसपामा ठाकुर पक्ष कमजोर देखिएको छ । निवर्तमान प्रधानमन्त्री केपी ओलीलाई समर्थन दिएका ठाकुर पक्षका कतिपय नेताहरु समेत यसबीचमा यादव समूहमा उभिएका छन् । यादव समूहले भने ओली सरकारलाई विश्वासको मत दिएको थिएन ।
"रवीन्द्र मिश्रको प्रस्ताव : संघीयता खारेजी, धर्मनिरपेक्षताबारे जनमत संग्रह (पूर्णपाठ)","काठमाडौं : विवेकशील साझा पार्टीका अध्यक्ष रवीन्द्र मिश्रले संघीयता खारेज र जनमत संग्रह गर्नुपर्ने प्रस्ताव राखेका छन्। पार्टीको आन्तरिक छलफल र बहसका लागि भन्दै मार्ग परिवर्तन : विचारभन्दा माथि देश शीर्षकको अवधारणा पत्रमार्फत स्थानीय निकायलाई पुनर्संरचना, संघीयता खारेज र धर्मनिरपेक्षताबारे जनमत संग्रहमा जानुपर्ने धारणा अगाडि सारेका छन्। सोमबार सार्वजनिक भएको उक्त प्रस्तावमा उनले संघीयता देशमा थप भ्रष्टाचार र आर्थिक भारको स्रोत, नेपालको अखण्डताको लागि घातक भएको उल्लेख गरेका छन्। नेपालमा शिशु अवस्थामै रहेको संघीयता यो देशले राजनीतिक, आर्थिक र भूराजनैतिक कुनै पनि दृष्टिकोणबाट धान्न सक्दैन भन्ने विज्ञ तथा आम सर्वसाधारणको कमी छैन। मिश्रले भनेका छन्, संविधान निर्माण हुनुअघि संघीयताको पक्षमा देखिएका कयौँ नेता तथा सर्वसाधारणहरू समेत संघीयताले सिंहदरबारको भ्रष्टाचार गाउँगाउँसम्म पुर्याएको, अनावश्यकरूपमा जनप्रतिनिधि तथा कर्मचारीको संख्या बढाएको, शासकीय दृष्टिकोणबाट झन् भाँडभैलो फैलाएको, संघीयताको आर्थिक बोझ अर्थतन्त्रले धान्न नसक्ने देखिदै गएको र दीर्घकालमा यसले देशको अखण्डतामाथि समेत प्रश्न सृजना गर्ने सम्भावना बढेको भन्दै आलोचना गर्न थालेका छन्। मिश्रले धर्मनिरपेक्षताको एजेन्डा ६२६३ को जनआन्दोलन र मधेस आन्दोलनमा नउठेको स्मरण गरेका छन्। उनले पछिल्ला वर्षहरुमा धर्म निरपेक्षता यो देशको धर्म र संस्कृति मास्नका लागि जस्केलाबाट घुसाइएको हो भन्ने धारणा प्रबल बन्दै गएको बताएका छन्। धर्म र संस्कृति देशको पहिचान, स्वाभिमान र स्वाधीनतासँग पनि जोडिएको हुनाले त्यसलाई केवल सैद्धान्तिक आँखाबाट हेरेर हल्कासँग लिन नमिल्ने मिश्रको तर्क छ। यो दस्तावेजको शीर्षक पढ्ने बित्तिकै समाजको एउटा तप्काबाट केही शब्दहरू बर्षिने छन्: प्रतिगामी, पश्चगामी, प्रतिक्रियावादी, सामन्ती, सामन्तवादको पृष्ठपोषक, दक्षिणपन्थी, जनविरोधी, प्रगतिशीलता के हो बुझ्न नसक्ने, परिवर्तन आत्मसात गर्न नसक्ने, राजनीतिक सुझबुझ नभएको, नेपाली समाज र त्यसका संरचनागत समस्याबारे ज्ञान नभएको, धमिलो पानीमा माछा मार्न खोज्ने, बल्ल आफ्नो असली रुप उजागर गर्न मुखुण्डो खोलेको ढोगी, मैले त भनेकै थिएँ नि बल्ल चिन्नुभयो!"" आदि इत्यादी। उनले अवधारणा पत्रको सुरुमै लेखेका छन्, ती शब्दावलीहरू प्रयोग गर्नु पूर्व लोकतन्त्र र नेपालको संविधान २०७२ ले दिएको अधिकारभित्र रहेर, सोही संविधानको पालना गर्ने प्रतिवद्धताका साथ भद्र र शान्तिपूर्णरूपमा यहाँ अभिव्यक्त मेरा विचारलाई सक्नुहुन्छ भने एकपटक पढिदिन विनम्र, आग्रह गर्दछु। तत्पश्चान व्यक्त हुने सबै भद्र असहमतिहरूलाई सदा झै सम्मान गर्ने नै छ। उनले देशको वाह्य र आन्तरिक सुरक्षा, सद्भाव तथा देशको अखण्डता र अस्तित्वमाथि नै बढ्दै गएको गम्भीर खतराबारे आवश्यक गम्भीरता नदेखिएको र गम्भीर हुँदा ढिलो भइसकेको हुनसक्ने धारणा राखेका छन्। मिश्रले यस्तो अवधारणा ल्याउँदा अग्रगामी समाजले पश्चगामीको छाप लगाइदिएपनि केही फरक नपर्ने बताएका छन्। उनले लेखेका छन्, मान्छे मारेर आएका, हर दिन भ्रष्टाचार र देश दोहन गरेर अप्रत्यक्षरुपमा गरिब र विपन्नहरूको हत्या गरिरहेका, यो देशको स्वाभिमानमा आँच पुऱ्याइरहेकाहरूलाई कसैले अग्रगामी भन्छन् र तिनका पछि लागेर मेरो अहिंसात्मक, इमानदार, संविधानसम्मत र पूर्णत: लोकतान्त्रिक विचारकै आधारमा मलाई दानवीकृत गर्छन् भने तिनका लागि म दानव नै देखिन तयार छु। दस्तावेजका उपखण्ड संघीयता थप भ्रष्टाचार र आर्थिक भारको स्रोत संघीयता नेपालको अखण्डताको लागि घातक नेपालका प्रमुख संस्थाहरूलाई क्षयीकृत गर्ने अर्को कडी किन एकजना धर्म निरपेक्षतावादी धर्म निरपेक्षताबारे जनमत संग्रहको माग गर्दैछ? कहाँबाट आयो धर्म निरपेक्षताको एजेण्डा? हिन्दु राष्ट्र र हिन्दु राष्ट्रवादबीचको अन्तर गणतन्त्रमाथिको खतरा महिला, मधेशी, जनजाती लगायत अल्पसंख्यक, सीमान्तकृतहरूको हकहितको सुनिश्चितता मार्ग परिवर्तनको प्रकृया वैकल्पिक राजनीतिकल्याणकारी लोकतन्त्र के हो, के होइन? राजनीतिकसामाजिक एजेण्डा राजनीतिकआर्थिक एजेण्डा परिशिष्ट: भावना र भूमिका पूर्णपाठ"
टुंगिदै जसपा विवाद: यादव समूहको पक्षमा वहुमत,काठमाडौँ: जसपामा उपेन्द्र यादव र महन्थ ठाकुर पक्षबीच अधिकारिताको विवाद लगभग सल्टिएको छ । निर्वाचन आयोगले आइतबार सुरु गरेको 'हेड काउन्ट' मा उपेन्द्र यादव पक्षमा वहुमत देखिएको हो । यादव पक्षमा ३४ जनाले हस्ताक्षर गरेका छन् । जवकि निर्वाचन आयोगले ५१ जनाको सनाखत गरेको थियो । जसपामा लामो विवाद देखिएपछि निर्वाचन आयोगले केन्द्रीय कार्यकारिणी सदस्यका ५१ जनालाई निर्वाचन उपस्थित भएर सनाखत गर्न भनेको थियो ।
मन्त्रिपरिषद् बैठक : सत्य निरुपण र बेपत्ता आयोगमा ७९ अस्थायी दरबन्दी सिर्जना,"काठमाडौं : सरकारले सत्य निरुपण तथा मेलमिलाप आयोग र बेपत्ता पारिएका व्यक्तिको छानविन आयोगमा ७९ अस्थायी दरबन्दी सिर्जना गर्ने निर्णय गरेको छ। सोमबार बसेको मन्त्रिपरिषद्को बैठकले सत्य निरुपण तथा मेलमिलाप आयोगको केन्द्रीय कार्यालयका लागि ३५ जना र प्रादेशिक मुकाम कार्यालयको लागि २१ जना र बेपत्ता पारिएका व्यक्तिको छानबिन आयोगका लागि २३ जना राजपत्रांकित कर्मचारीको अस्थायी दरबन्दी स्वीकृत गरिएको सरकारका प्रवक्ता ज्ञानेन्द्रबहादुर कार्कीले जानकारी दिए। उनका अनुसार कर्मचारीको अस्थायी दरबन्दी आयोगको म्याद समाप्त भए स्वतः खारेज हुने गरी चालू आव ०७८७९ का लागि स्वीकृत गर्ने निर्णय गरेको हो। बैठकले कोरोना भाइरसको जोखिमको दोस्रो लहर नियन्त्रणका लागि विभिन्न जिल्लाका प्रमुख जिल्ला अधिकारीले जारी गरेको निषेध आदेश लागू हुनुभन्दाअघि वा आदेशको अवधिभित्र सम्झौता भएका, तर काम सम्पन्न हुन नसकेका चालू अवस्था तथा खरिद सम्झौता म्यादसम्बन्धी आपूर्तिकर्ता निर्माण व्यवसायी सेवा प्रदायक वा परामर्शदाताले ६ महिना थप गर्ने निर्णय गरेको छ। यसैगरी विश्व बैंक समूहको अन्तर्राष्ट्रिय विकास संस्थामार्फत आयोजना सञ्चालन गर्न ऋणस्वरूप अमेरिकी ६० मिलियन डलरबराबरको ऋण सहायता स्वीकार गर्ने निर्णय भएको कार्कीले जानकारी दिए।"
सात महिनादेखि सूचना दिएनन् स्थानीय तहका सूचना अधिकारीले !,"राजविराज: स्थानीय तहमा पारदर्शिताको सवाल उठिरहँदा सप्तरकीको राजधानी राजविराज नगरपालिकामै स्थानीयहरुले अझैसम्म सूचनाको हक उपभोग गर्न पाएका छैनन् । जनप्रतिनिधिमाथि भ्रष्टाचार, अपारदर्शी व्यवहार, अनियमितता, बेरुजुलगायत बेथितिको आरोप लाग्दा समेत नगरपालिकाले स्थानीयलाई विभिन्न विकास सम्बन्धी कामको सूचना दिन मानेको छैन । सूचनाको हकसम्बन्धी ऐन २०६४ अनुसार प्रत्येक सार्वजनिक निकायले हरेक तीन महिनामा सूचना अध्यावधिक गर्नुपर्ने व्यवस्था गरेको छ भने हरेक चौमासिकमा सर्वसाधारणलाई जानकारी गराउने उद्देश्यले सार्वजनिक सुनुवाइ पनि गर्नुपर्ने ऐनमा उल्लेख छ । तर, राजविराज नगरपालिकाले सार्वजनिक सुनवाइ गर्नुपर्ने कुरा त परै जाओस्, सूचनाको हकसम्बन्धी ऐन २०६४ र नियमावली २०६५ अनुसार माग गरेका सूचना पनि नदिने गरेको पाइएको हो । राजविराजका एक स्थानीय बासिन्दाले २०७७ मंसिर ११ गते नगरपालिका कार्यालयमा सूचना माग गर्दै निवेदन दर्ता गराएका थिए । सूचना अधिकारी मनोज कुमार यादवले निवेदनमा तोक लगाउँदै एक सातासम्म सूचना उपलब्ध गराइसक्ने बताए । एक सातापछि फोन गरेर आउन उहाँले भन्नु भयो, मैले फोन पनि गरेँ । तर फेरि ३४ दिनमा आउन आग्रह गर्नुभयो । ४ दिनपछि पुगेर कुरा गर्दा उहाँले फेरि अर्को ५ दिन लम्ब्याउनुभयो । सो समय सकिएपछि पनि सूचना अधिकारी यादवको रबैया उस्तै रह्यो । मैले प्रमुख प्रशासकीय अधिकृतलाई पनि सम्पर्क गरेँ, उहाँले पनि सूचना अधिकारीलाई आफ्नो कक्षमा बोलाएरै सूचना उपलब्ध गराउन निर्देशन नै दिनुभयो । सूचना अधिकारीले फेरि केही दिनको समय माग्नु भो, तर सूचना भने अझैसम्म उपलब्ध गराउनु भएको छैनउनले भने । निवेदन दर्ता गराएको केही महिना भइसक्दा निवेदन नै हराएको भन्दै सूचना अधिकारी यादवबाट जवाफ पाएको ती स्थानीयको गुनासो छ । सूचना दिन आलटाल गर्दै तीन महिना बिताएपछि निवेदन नै हराइसकेकोले पुनःअर्को निवेदन नदिए सूचना उपलब्ध गराउन नसकिने जवाफ उनले पाएका छन् । उनले भने मैले फेरि गत फागुन १४ गते निवेदन दर्ता गराएँ, नयाँ निवेदन दर्ता गराए पनि सूचना अधिकारीको शैली भने पुरानै देखियो । उहाँले अझै सूचना दिने सुरसार देखाउनुभएन । पहिलो निवेदनको ७ महिना र दोस्रो निवेदनको पनि ४ महिना भन्दा बढी भइसक्दा सूचना नपाएको उनले गुनासो गरे । स्थानीय सरकारले आफ्ना कार्यक्रम बजेट र वर्षभरी गरेका क्रियाकलापलाई जनता माझ त्रैमासिक रूपमा सार्वजनिक गर्नुपर्ने नीतिगत व्यवस्था भए पनि सूचना माग गर्दासमेत उपलब्ध गराउन आनाकानी गर्नुले गैरजिम्मेवारीपन झल्किएको नागरिक अगुवाहरू बताउँछन् ।"
एकहप्ताभित्र एकताको छिनोफानो हुन्छ : नेता ज्ञवाली,"तानसेन : नेकपा एमालेका प्रवक्ता प्रदिप कुमार ज्ञवालीले एकहप्ताभित्र पाटी एकताको टुङ्गो लागिसक्ने बताएका छन् । गृह जिल्ला गुल्मीबाट सोमबार काठमाडौ फर्किने क्रममा पाल्पामा पार्टी अगुवा कार्यकर्तालाई सम्बोधन गर्दै प्रवक्ता ज्ञवालीले पाटी एकताको छिनोफानो एकहप्ताभित्र टुङ्गिने बताएका हुन् । कार्यदलले तयार पारेको १० बुँदे आधारमा रहेर पाटी एकता हुने र एकहप्ताभित्र माधव कमरेडलगायतका साथीहरु तत्काल नआए पार्टी एकताको ढोका खुला राख्दै माधव पक्षलाई कुरेर नबस्ने प्रवक्ता ज्ञवालीले बताए । जुन दिन पाटीमा फर्किनुहुन्छ सोही दिन पुरानै जिम्मेवारी दिने तर अब कुरेर बस्ने स्थिति नरहेको प्रवक्ता ज्ञवालीले बताए । विपक्ष दलको नेतालाई सरकार प्रमुख बनाउँदासम्म पनि पार्टी एकता जोगाउन वर्तमान पार्टी अध्यक्षले भूमिका खेल्दासम्म एकतामा नआउनु भनेको एकता नचाहेको अर्थ बुझिने नेता ज्ञवालीले दावी गरे । वर्तमान गठबन्धनले नेकपा एमालेलाई कमजोर बनाउने, फुटाउने, राष्ट्रिय राजनीतिमा भूमिकाविहीन बनाउने, विभिन्न प्रलोभवन दिएर संसाद खरिद बिक्री गर्ने, सांसदलाई निष्किय बनाउने फोहरी अनैतिक काम गरेको एमाले प्रवक्ता ज्ञवालीले आरोप लगाए । सत्तागठबन्धनले दलको एउटै चाहाना एमालेलाई कमजोर बनाएर राष्ट्रिय राजनीतिलाई नै गलत दिशामा लैजान खोजेपनि एमालेले त्यसो हुन नदिने प्रवक्ता ज्ञवालीले बताए । सर्वोच्च अदालतले गरेको फैसला गलत, संविधान विपरित, संविधानको अपव्याख्या भएकाले कार्यकर्तालाई गाउँगाउँमा पुगी भण्डारफोर गर्न पार्टी प्रवक्ता ज्ञवाली आग्रह गरेका छन्। जनताको जनमत लिनु संविधान विपरित, सर्वोच्चका न्यायाधीशबाट प्रधानमन्त्री नियुक्त हुने संविधान संवत भन्ने कुरा भ्रमपूर्ण रहेको प्रवक्ता ज्ञवालीले बताए । संविधानको धारा ७६ को ५ मा राजनीतिक दलमा संसदीय दलको नेताभन्दा, फरक व्यक्तिले सरकारले नेतृत्व गर्ने कुरालाई उल्लेख गरिएपनि, सर्वोच्च अदालतले निर्यणले निर्दलीय व्यवस्था बनाएकाले सच्चाई बहुदलीय व्यवस्था कायम नहुँदासम्म पार्टीले आन्दोलनका कार्यक्रम संचालन गर्ने, भण्डाफोर गर्ने, जनचेतना अभियान संचालन गर्ने प्रवक्ता ज्ञवालीले बताए । 'माधव कमरेडले लोक र दुनियालाई हसाउने काम गर्नुभएको छ, नेकपा एमाले प्रतिपक्षमा छ र एमालेका बरिष्ट नेता सत्तागठबन्धनको प्रमुख नेता हुनुहुन्छ, यो कही नीति, नियम, पार्टी पद्धतिअनुसार हुन्छ ? पाटीका कार्यकतालाई नीतिनियम सिकाउने तर आफैले नीतिनियम विपरित काम गर्ने ? उनले भने,' यस्तो हुँदा पनि पार्टी एकताका लागि अन्तिमसम्म प्रयास जारी रहन्छ।' पाल्पामा नेकपा एमाले अगुवा कार्यकर्तालाई सम्बोधन गर्दै पाटी प्रवक्ता प्रदिप कुमार ज्ञवाली । तस्बिर : कृष्ण पोखरेल"
"नेपाल पक्षको स्थायी कमिटी बैठक जारी, सरकारमा सहभागी होला त ?",काठमाडौं : नेकपा एमाले माधवकुमार नेपाल समूहको स्थायी कमिटी बैठक जारी छ। नयाँ बानेश्वरस्थित बुद्धनगरको एक ब्याङ्क्वेटमा बैठक बसिरहेको छ। बैठकमा १० बुँदे प्रस्तावमा छलफल हुने र आगामी रणनीति तय गरिने जनाइएको छ। आइतबारको बैठकमा कार्यदलले सहमति गरेको १० बुँदे प्रस्तावमाथि छलफल भएको थियो । कार्यदलका संयोजकसमेत रहेका नेता भीम रावलले १० बुँदे प्रस्तावबारे जानकारी गराएका थिए । यसअघि सांसद पदबाट राजीनामा दिएका रावलले नेपालसँगको छलफलपछि सभामुखलाई भेटेर राजीनामा पत्र फिर्ता लिएका थिए । आइतबारको बैठकमा केही सांसदहरुले पार्टी एकताका लागि १० बुँदे सहमति कार्यान्वयन गर्न आग्रह समेत गरेका थिए। पार्टीको विवाद समाधानका लागि गठित कार्यदलको १० बुँदे सहमतिपछि एमाले बैठकले कार्यदल भंग गरिसकेको छ। पछिल्लो समय पार्टीभित्र अध्यक्ष केपी शर्मा ओली र वरिष्ठ नेता नेपालबीच विवाद उत्कर्षमा पुगेको छ। तर सत्तारुढ गठबन्धनले यो समूहलाई सरकारमा सहभागी हुन आग्रह गर्दै आएको छ। तर पार्टीभित्र एकता प्रक्रियाको टुंगो लागिनसकेकाले भने यो समूह सरकारमा सहभागी भएको छैन ।
जसपा विवाद : निर्वाचन आयोगमा नेताहरुको सनाखत सुरु,काठमाडौं : निर्वाचन आयोग पुगेर छुट्टिने सहमति गरेका जनता सामाजवादी पार्टी (जसपा) का दुई पक्षका नेताको सोमबार हेड काउन्ट सुरु भएको छ। जसपाको आन्तरिक विवाद टुंग्याउन आयोगले केन्द्रीय कार्यकारिणी समितिका सदस्यको सनाखत लिन लागेको हो। यसका लागि आयोगले दुवै पक्षका नेतालाई सोमबार नागरिकतासहित सशरीर आयोगमा बोलाएको छ। अध्यक्षद्वय महन्थ ठाकुर र उपेन्द्र यादव पक्षबीच विवाद भएपछि दुवै पक्षले पार्टीको आधिकारिकता दाबी गरिरहेका छन्। यादव पक्षले आफ्नो पक्षमा बहुमत केन्द्रीय कार्यकारिणी समिति सदस्य भएको दाबी गर्दै निर्वाचन आयोग गएको थियो। त्यस्तै ठाकुर पक्षले पनि जसपा आफूहरूको हुनुपर्ने दाबी गरिरहेको छ। विवाद टुंग्याउन आयोगले साउन ११ गते आयोगमा सनाखतका लागि सशरीर उपस्थित हुन भनेको थियो। तर त्यसविरुद्ध ठाकुर पक्षले सर्वोच्च अदालतमा रिट दिएको थियो। यद्यपि अदालतले ठाकुर पक्षको माग बमोजिम आइतबार अन्तरिम आदेश दिन अस्विकार गरेको छ। सोमबार नेताको हेड काउन्ट गरेर आयोगले बहुमत रहेको पक्षलाई आधिकारिकता प्रदान गर्ने अनुमान गरिएको छ।
जसपा विवाद : निर्वाचन आयोगले आज नेताको हेड काउन्ट गर्दै,काठमाडौं : निर्वाचन आयोग पुगेर छुट्टिने सहमति गरेका जनता सामाजवादी पार्टी (जसपा) का दुई पक्षका नेताको सोमबार हेड काउन्ट हुँदैछ। जसपाको आन्तरिक विवाद टुंग्याउन आयोगले केन्द्रीय कार्यकारिणी समितिका सदस्यको सनाखत लिन लागेको हो। यसका लागि आयोगले दुवै पक्षका नेतालाई सोमबार नागरिकतासहित सशरीर आयोगमा बोलाएको छ। अध्यक्षद्वय महन्थ ठाकुर र उपेन्द्र यादव पक्षबीच विवाद भएपछि दुवै पक्षले पार्टीको आधिकारिकता दाबी गरिरहेका छन्। यादव पक्षले आफ्नो पक्षमा बहुमत केन्द्रीय कार्यकारिणी समिति सदस्य भएको दाबी गर्दै निर्वाचन आयोग गएको थियो। त्यस्तै ठाकुर पक्षले पनि जसपा आफूहरूको हुनुपर्ने दाबी गरिरहेको छ। विवाद टुंग्याउन आयोगले साउन ११ गते आयोगमा सनाखतका लागि सशरीर उपस्थित हुन भनेको थियो। तर त्यसविरुद्ध ठाकुर पक्षले सर्वोच्च अदालतमा रिट दिएको थियो। यद्यपि अदालतले ठाकुर पक्षको माग बमोजिम आइतबार अन्तरिम आदेश दिन अस्विकार गरेको छ। सोमबार नेताको हेड काउन्ट गरेर आयोगले बहुमत रहेको पक्षलाई आधिकारिकता प्रदान गर्ने अनुमान गरिएको छ।
निर्वाचन आयोगले जसपाको आधिकारिकता टुङ्ग्याउँदै,काठमाडौं : सत्ता समीकरणका दौरानमा दुई समूहमा विभाजन भएको जनता समाजवादी पार्टी (जसपा) ले सोमबार निर्वाचन आयोगबाट आधिकारिकता पाउँदैछ । निर्वाचन आयोगले जसपाको आधिकारिकतासम्बन्धी विवादको टुङ्गो लगाउन आज पार्टीका केन्द्रीय कार्यकारिणी समितिका सदस्यलाई सनाखतका लागि बोलाएको छ । आयोगले जसपाको आधिकारिकता विवाद निरुपणका लागि इजलास गठन गरी यही साउन ७ गते कानूनी बहस सकेर पार्टी एकीकरण बखत संलग्न कागजातसहित उपस्थित हुन आग्रह गरेको थियो । सोहीअनुरुप जसपाका अध्यक्ष उपेन्द्र यादव र अर्का अध्यक्ष महन्थ ठाकुर पक्षका कार्यकारिणी सदस्य सनाखतका लागि आयोगमा बिहान ११ बजे उपस्थिति हुँदैछन् । सनाखतपछि आयोगले आधिकारिकतासम्बन्धी सम्भवतः आजै निर्णय सुनाउनेछ । निर्वाचन आयोगका प्रवक्ता राजकुमार श्रेष्ठले जसपाको विवाद निरुपणका लागि आयोगले नेपाली नागरिकताको प्रमाणपत्रको प्रतिलिपि वा मतदाता परिचयपत्रको प्रतिलिपिसहित बिहान ११ बजे आयोगमा उपस्थिन हुन आग्रह गरेको जानकारी दिए । उपेन्द्र यादव पक्षमा कार्यकारिणी समितिका बहुमत सदस्य भएको दाबी गरिएकाले सोही पक्षले आधिकारिकता पाउने अनुमान गरिएको छ । जसपाका कार्यकारिणी सदस्य मोहम्मद इस्तियाक राइले पार्टी आधिकारिकता लगभग निश्चित भएको र आज कार्यकारिणी सदस्यले सनाखत गरेपछि टुङ्गो लाग्ने बताए । जसपाको ५१ सदस्यीय कार्यकारिणी समिति छ । जसपा २०७७ असार २४ गते निर्वाचन आयोगमा दर्ता भएको थियो । तत्कालीन प्रधानमन्त्री केपी शर्मा ओली नेतृत्वको सरकारमा सत्ता साझेदारी गर्दा जसपा दुई समूहमा विभाजन भएको थियो । ठाकुर पक्ष सरकारमा सहभागी भएको थियो भने यादव पक्ष प्रतिपक्षमा उभिएको थियो । दुवै पक्षले पार्टी आधिकारिकताका लागि दाबी गर्दै आयोगमा गएका थिए । पछिल्लो पटक वर्तमान प्रधानमन्त्री शेरबहादुर देउवाले विश्वासको मत लिँदा दुवै पक्षले पक्षमा मतदान गर्ने निर्णय गरेका थिए । यादव पक्षले सरकारमा सहभागिता जनाउने निश्चित भइसकेको छ । यसैबीच आयोगको निर्णयअघि अध्यक्ष ठाकुरले आधिकारिकता र पार्टी विभाजन रोक्न माग गर्दै सर्वोच्चमा रिट दायर गरेका थिए । उक्त रिटमाथि आइतबार सर्वोच्चले अन्तरिम आदेश दिन अस्वीकार गर्दै साउन १५ गते दुवै पक्षलाई छलफलका लागि बलाउने आदेश दिएको थियो ।
"सवारी साधनको नम्बर खोज्दै ट्राफिक, सडकमै नयाँ लेखाउने व्यवस्था","विराटनगर: पूर्वपश्चिम लोकमार्गअन्तर्गत मोरङको सुन्दरहरैँचास्थित विराट चोकमा पूर्वबाट पश्चिमतर्फ जाँदै गरेको एउटा ट्रकलाई आइतबार बिहान ट्राफिक प्रहरीले रोक्यो । चुस्तदुरुस्त अवस्थामा ट्रकको कागजपत्र (ब्लुबुक) र आफ्नो सवारी चालक अनुमति पत्र (लाइसेन्स) ट्राफिक प्रहरीलाई देखाएर चालक अघि बढ्न खोजे । तर ट्राफिक प्रहरीका सहायक निरीक्षक (असइ) किशोर निरौला नेतृत्वको टोलीले ट्रकलाई अगाडि बढ्न दिएन । सबै कुरा चुस्तदुरुस्त हुँदा पनि ट्राफिकले अवरोध गरेको भनेर चालक रिसाए । तर निरौलाले सम्झाउँदै भने, तपाईंले चलाएको ट्रकको नम्बर अस्पष्ट छ । नियालेर हेर्दा पनि बुझ्न मुस्किल पर्यो । अस्पष्ट नम्बर प्लेट राखेर सवारी साधन कुदाउन पाइँदैन । यसलाई कानुनले नै निषेध गरेको छ । अबका दिनमा परैबाट हेर्दा नम्बर प्रष्टसँग देख्न सकिने बनाउने प्रतिवद्धता चालकले जनाए । उनले त्यतिमै छुट भने पाएनन् । असइ निरौला नेतृत्वको टोली सवारी साधनको नम्बर लेख्ने पेन्टरसहितको व्यवस्था गरेर सडकमा सवारी चेकजाँचमा खटिएको थियो । उनले तत्कालै पेन्टरलाई बुझिने गरी ट्रकमा नम्बर लेख्न लगाए । नम्बर लेखिदिएवापतको पैसा तिरेर चालक आफ्नो बाटो लागे । निरौलाले लोकमार्गमा अस्पष्ट नम्बर प्लेट राखेर कुदाइएका २० वटाभन्दा बढी सवारी साधन एक घण्टाभित्रमा फेला परेको जानकारी दिए । विराटनगरबाट इटहरीतर्फ जाँदै गरेको एउटा मोटरसाइकललाई कोसी राजमार्गअन्तर्गत मोरङको बूढीगंगामा ट्राफिक प्रहरीको टोलीले रोक्यो । असइ तुलामणि आचार्यलाई चालकले सबै कागजपत्र देखाए । कागजपत्र ठीकठाक रहे पनि पुरानो मोटरसाइकलको नम्बर मधुरो थियो । छेउबाटै हेर्दा पनि ठिम्याउन मुस्किल पर्ने नम्बरकै कारण मोटरसाइकलले अघि बढ्न पाएन । टोलीको नेतृत्व गरिरहेका आचार्य पनि पेन्टरसहित सवारी चेकजाँचमा व्यस्त थिए । पेन्टरले स्पष्ट बुझ्ने गरी सडकमै नम्बर लेखिदिएपछि मोटरसाइकल लिएर चालक गन्तव्यतिर लागे । ट्राफिकको नजर भने अरु सवारी साधनको नम्बरतिर थियो । सडकमा गुड्ने सवारी साधनको नम्बर स्पष्ट नहुने र मधुरो हुँदा प्रष्टसँग बुझ्न गाह्रो पर्न थालेपछि ट्राफिक प्रहरीले मोरङमा चेकजाँच कडा बनाएर लगेको छ । नम्बर अस्पष्ट हुने सवारी साधनलाई सडकमा रोकेर तत्कालै बुझिने गरी नम्बर लेखाएर मात्रै पठाउन थालिएको मोरङ ट्राफिक प्रमुख प्रहरी निरीक्षक चन्द्रबहादुर खड्काले बताए । लोकमार्गमा गुड्ने सवारी साधनको नम्बर प्लेट स्पष्ट नहुने समस्या बढ्दो छ । दुर्घटना गराएर फरार हुँदा पहिचान गर्नै मुस्किल हुन थाल्यो, उनले भने, सवारी साधन फरार हुँदा दुर्घटनाबाट पीडित बनेको पक्ष न्यायबाट बञ्चित भइरहेको हुन्छ । त्यस्ता सवारी साधनलाई सडकमै रोकेर तत्कालै नयाँ नम्बर लेख्न लगाउन थालिएको हो । खड्काका अनुसार सवारी चेकजाँचमा खटिने ट्राफिक टोलीले नम्बर लेख्ने पेन्टरलाई पनि साथमै लैजाने र नम्बर प्लेट स्पष्ट नभएका साधनमा तत्कालै लेखाउने गरेको हो । नम्बर स्पष्ट नभइदिँदा दुर्घटना गराएर सवारी साधन भागिदिन्छन् । सवारी साधन र चालक नभेटिँदा पीडित पक्ष थप पीडामा परिरहेको हुन्छ, उनले भने, त्यस्ता सवारी साधन खोज्दाखोज्दा ट्राफिक प्रहरी हैरान भइसक्छ । त्यो हैरानीबाट मुक्त हुन त्यस्ता सवारीलाई नियन्त्रणमा लिँदै सडकमै नम्बर लेख्न लगाउने कार्यलाई अभियानकै रूपमा अघि बढाइएको छ । नम्बर प्लेट मधुरो हुँदा सवारी साधनको पहिचान मुस्किल पर्ने गरेको जनगुनासो बढेपछि मोरङमा ट्राफिकले शनिबारबाट अभियान सुरु गरेको हो । प्लेटमा नयाँ नम्बर लेखाउने व्यवस्था गरेको पैसा चालक स्वयंले तिर्नुपर्छ । चेकजाँचका क्रममा ट्राफिक प्रहरीले चालकसँग लाइसेन्स र सवारीको ब्लुबुक पनि खोज्ने गरेको छ । खड्काले चालकलाई ट्राफिक नियमका बारेमा सचेत गराउने कामलाई पनि निरन्तरता दिइएको बताए । उनका अनुसार निजी, सार्वजनिक र सरकारी सबै सवारी साधनले नम्बर प्लेट चुस्त नराख्ने गरेको पाइएको छ । सबैभन्दा बढी मोटरसाइकल, स्कुटर, ट्याक्टर, सिटी सफारी, ट्रकसमेतका साधनमा नम्बर प्लेट अस्पष्ट हुने गरेको जानकारी खड्काले दिए । उनका अनुसार शनिबारयता नम्बर स्पष्ट नभएका दुई सयभन्दा बढी सवारी साधनलाई होल्ड गरेर नम्बर लेख्न लगाइएको छ ।"
प्रधानमन्त्री देउवाले बोलाए मन्त्रिपरिषद् बैठक,काठमाडौं : प्रधानमन्त्री शेरबहादुर देउवाले मन्त्रिपरिषद बैठक बोलाएका छन्। बैठक प्रधानमन्त्री तथा मन्त्रिपरिषद कार्यालय सिंहदरबारमा दिउँसो ३ बजे बस्न लागेको हो। बैठकमा समसामयिक राजनीतिक विषयवस्तु र दैनिक प्रशासनिक काम कारबाहीबारे छलफल हुने जनाइएको छ। आइतबार मात्रै प्रधानमन्त्री देउवाले सांसद उमेश श्रेष्ठलाई राज्यमन्त्रीमा नियुक्त गर्दै मन्त्रिपरिषद् विस्तार गरेका थिए। प्रधानमन्त्री बनेको दुई सातापछि देउवाले राज्यमन्त्री थप्दै मन्त्रिपरिषद विस्तार गरेका हुन्। पाँचदलीय गठबन्धनभित्र मन्त्रीको बाँडफाँट नमिल्दा मन्त्रिपरिषद विस्तार गर्न ढिलाइ भएको हो। प्रधानमन्त्री देउवा र माओवादी केन्द्रका अध्यक्ष पुष्पकमल दाहाल 'प्रचण्ड'ले एमाले माधवपक्षलाई सरकारमा समेट्ने तयारी गरेपनि नेपाल समूहले ठोस निर्णय नगर्दा मन्त्रिपरिषद विस्तारमा ढिलाइ भएको हो।
कांग्रेसमा क्रियाशील सदस्यताको किचलो : केन्द्रीय कार्यालयमा धर्नै धर्ना,"काठमाडौं : बारा कांग्रेसका सभापति जयचन्द्र चौरसिया केन्द्रीय कार्यालय परिसर सानेपामा टेन्ट गाडेर धर्नारत छन्। उनको माग छ पार्टी कार्यालयको मुख्य ढोकामा धर्नामा बसेका बाराकै अर्को पक्षका कांग्रेस नेताहरूले राखेका माग पार्टीले खारेज गर्नुपर्यो। केन्द्रीय कार्यालयको निर्देशनअनुसार पार्टीको विधान, निर्देशन र प्रक्रिया पूरा गरी क्रियाशील सदस्यको टुंगो लगाएर केन्द्रमा नामावली पठाएको चौरसियाको दाबी छ। तर, पूर्वसभासद लालबाबु सिंहलगायत नेता जिल्ला सभापति चौरसिया र क्षेत्रीय सभापतिहरूले एकलौटी रूपमा क्रियाशील सदस्यको नामावली केन्द्रमा पठाएको भन्दै उक्त नामावली खारेजीको माग गर्दै १४ दिनदेखि धर्नामा छन्। सभापति चौरसिया वडा, गाउँनगरपालिका, क्षेत्रीय समिति, प्रदेश समिति र जिल्ला समितिले अनुमोदन गरेर सबै प्रक्रिया पूरा गरी केन्द्रमा नामावली पठाइएको दाबी गर्छन्। हामीले थारु, मुस्लिम, दलित, महिला सबैलाई समेटेर समावेशी सिद्धान्तअनुसार वडाबाट सिफारिस भएर आएका नामहरू सबै प्रक्रिया पूरा गरेर केन्द्रमा पठाएका हाैँ, चौरसिया भन्छन्, जजसको नाम सिफारिस गरेर पठाएका छांै, तिनीहरूलाई सदस्यता नदिने हो भने जिल्लामा पार्टीको अवस्था के होला ? पूर्वसभासद सिंह भने क्षेत्रीय सभापति र जिल्ला सभापतिले आफ्नो पक्षका कार्यकर्ताको नाम एकलौटी रूपमा केन्द्रमा सिफारिस गरेको आरोप लगाउँछन्। बारा ४ नम्बर क्षेत्रीय सभापति सुनीलकुमार गुप्ता भने तीन क्षेत्रीय सभापति, प्रदेश सभापति र जिल्ला सभापतिको सहमति र सहकार्यमा सबै प्रक्रिया पूरा गरेर केन्द्रमा नाम सिफारिस गरिएको दाबी गर्छन्। बारा निर्वाचन क्षेत्र नम्बर ४ का महाधिवेशन प्रतिनिधि जयनारायण यादव जिल्लाले पठाएको नामावलीको पोको खोलेर केन्द्रीय छानबिन समितिले सत्यतथ्य बाहिर ल्याइदिनुपर्ने बताउँछन्। उजुरीको बहाना बनाएर पार्टीको १४ औं महाधिवेशनमा बारा जिल्लालाई छुटाउने षड्यन्त्र भइरहेको छ, यादव भन्छन्, केन्द्रीय छानबिन समितिले जिल्लाको सिफारिस हेर्नुपर्छ। प्रक्रिया पुगेका नाम सदर गरोस्, प्रक्रिया पुगेका छैनन् भने बदर गरेर चाँडो निकास देओस्। बारामा चौरसियासहित २ जना केन्द्रीय सदस्य र तीन क्षेत्रीय सभापति पार्टी सभापति शेरबहादुर देउवा पक्षधर छन्। पूर्वसभासद सिंहलगायत नेता रामचन्द्र पौडेल पक्षीय छन्। चौरसिया कोल्हवी नगरपालिकाका१३ वटा वडाबाट सिधै केन्द्रमा नाम सिफारिस गरिएको भन्दै पार्टी विधान र प्रक्रियाविपरीत आएका सिफारिस खारेज हुनुपर्ने बताउँछन। सांसद उमाकान्त चौधरीले वडा, गाउँ, क्षेत्र र जिल्ला समितिबाट कुनै निर्णय नगराई १३ वडाबाट सिधै केन्द्रमा नाम सिफारिस गरेको सभापति चौरसिया पक्षधर नेताहरूको दाबी छ। कांग्रेस केन्द्रीय कार्यालयको मुख्य ढोकामा पूर्वराष्ट्रपति रामवरण यादवका छोरा डा चन्द्रमोहन यादव पनि धर्नामा बसेको ८ दिन भयो। पार्टी विधान, नियमावलीविपरीत क्रियाशील सदस्यता वितरण गरिएको डा यादवलगायत नेता, कार्यकर्ताको दाबी छ। कांग्रेसको १४ औं महाधिवेशनको संघारमा केन्द्रीय कार्यालय भने धर्नास्थल बनेको छ। मुख्य गेटदेखि कार्यालय परिसर बारा, रौतहट, धनुषा, सर्लाहीलगायत जिल्लाका नेता, कार्यकर्ताको अनशन र धर्नाले भरिभराउ छ। केन्द्रीय नेताहरू धर्नास्थल पुग्ने र आआफ्ना पक्षका धर्नाकारीका मागमा ऐक्यबद्धता जनाउने काम हरेक दिनजसो हुने गरेको छ। कांग्रेसमा क्रियाशील सदस्यता वितरणको मुद्दा यति गम्भीर बनेको छ कि छानबिन समितिका सदस्य श्याम घिमिरेलाई कार्यकर्ताले कुटपिट नै गरेका थिए। केन्द्रीय सदस्य घिमिरेमाथि कुटपिट गर्ने सिन्धुपाल्चोक कांग्रेसका कार्यकर्तामाथि कारबाही पनि भइसकेको छ। अन्य पार्टीबाट कांग्रेसमा आएकाहरूलाई क्रियाशील सदस्यता दिने कि नदिने भन्नेमा धेरै विवाद रहेको नेताहरू बताउँछन्। क्रियाशील नटुंगिदा वडा अधिवेशन स्थगितक्रियाशील सदस्यहरूको टुंगो नलाग्दा कांग्रेसले साउन १२ गते पूर्वनिर्धारित सबै जिल्लाका वडा अधिवेशन स्थगन गरेको छ। क्रियाशील सदस्यहरूको नै टुंगो लाग्न नसकेपछि सभापति देउवाको अध्यक्षतामा बसेको पदाधिकारी र पूर्वपदाधिकारीको शुक्रबारको बैठकले देभभरका वडा अधिवेशन स्थगन गर्ने निर्णय गरेको थियो। केन्द्रीय सदस्य रमेश लेखक संयोजकत्वको क्रियाशील सदस्यता छानबिन समितिले सभापति देउवालाई क्रियाशील सदस्यहरूको नामावली बुझाउनुपर्नेछ। देउवाले केन्द्रीय निर्वाचन समिति र उक्त समितिले अन्तिम नामावली सम्बन्धित वडामा पठाएपछि मात्र वडा अधिवेशनहरू हुनेछन्। ६ हजार ७ सय ४३ वडा अधिवेशन गर्न पूर्वनिर्धारित समय अपुग भएको कांग्रेसले जनाएको छ। कांग्रेस प्रवक्ता विश्वप्रकाश शर्मा स्थगित वडा अधिवेशन अब कहिले गर्ने भन्ने टुंगो लागि नसकेको बताउँछन्। वडा अधिवेशनको मिति पर धकेलिँदा क्षेत्र र जिल्ला अधिवेशनहरू तोकिएकै मितिमा सम्पन्न हुनेमा आशंका पैदा भएका छन्। कांग्रेसले भदौ १६ देखि १९ सम्म १४ औं महाधिवेशनको मिति तोकेको छ।"
कोसीमा डुबेर ८ वर्षीय बालकको मृत्यु,राजविराज: कोसी नदी किनारमा दाउरा संकलन गर्ने क्रममा डुबेर एक बालकको मृत्यु भएको छ । भारतको विहार राज्य सुपौल जिल्ला कुनौली ग्राम पञ्चायत७ का सीताराम मुखियाका ८ वर्षीय छोरा विकास कुमारको सोमबार डुबेर मृत्यु भएको हो । भारतको विहारका स्थायी बासिन्दा बालक हनुमाननगर कंकालिनी नगरपालिका१४ स्थित आफ्नो मामाघर आएका थिए । जिल्ला प्रहरी कार्यालय सप्तरीका प्रहरी प्रवक्ता प्रहरी नायब उपरीक्षक माधवप्रसाद काफ्लेका अनुसार कोसीमा दाउरा बटुल्ने क्रममा सोमबार करिब साढे चार बजे डुबेर मृत्यु भएको थियो । घटनापछि स्थानीयले प्रहरीलाई जानकारी दिएका थिए । यस सम्बन्धमा थप अनुसन्धान भइरहेको जिल्ला प्रहरी कार्यालय सप्तरीले जनाएको छ ।
हतियार खरिदबिक्रीमा संलग्न ३ जना पेस्तोलसहित पक्राउ,वीरगन्ज : वीरगन्जमा प्रहरीले हतियारको खरिद बिक्रीमा संलग्न तीनजनालाई पक्राउ गरेको छ । पक्राउ पर्नेहरुमा पर्साको वीरगन्ज महानगरपालिका २५ का २२ वर्षीय अनिल पटेल र २० वर्षीय रक्की पटेल तथा पर्साकै पोखरीया नगरपालिका २ का २० वर्षीय विक्रान्ता पटेल रहेका छन् । उनीहरुको साथबाट एक थान कटुवा पेस्तोल पनि प्रहरीले बरामद गरेको प्रहरीले जनाएको छ । वीरगन्ज १५ लक्ष्मणवा चोकस्थित एक होटलमा बसेर ३ जनाले हतियार खरिद बिक्री गरिरहेको सूचना प्रहरीले पाएको थियो । त्यहि सूचनाका आधारमा जिल्ला प्रहरी कार्यालय पर्साबाट खटिएको प्रहरी टोलीले उक्त होटेलमा बसेर खाजा खाइरहेका तीन जनामध्ये अनिलको शरीर खानतलासी गर्दा एक थान कटुवा पेस्तोल बरामद भएको पर्साका प्रहरी नायव उपरीक्षक ओम प्रकाश खनालले जानकारी दिए । पेस्तोलसहित तीनैजना युवक र उनीहरुको साथमा रहेको २ वटा मोटरसाइकल नियन्त्रणमा लिइएको खनालले बताए । तीनैजनालाई जिल्ला प्रहरी कार्यालय पर्साको हिरासतमा राखेर हातहतियारसम्बन्धी कसूरमा अनुन्धान अगाडि बढाइएको खनालले जानकारी दिए ।
सडक नबन्दा सास्ती,"परासी : ४ वर्ष बितिसक्दा पनि पश्चिम नवलपरासीको जिल्ला सदरुमकाम परासीको सडक अझै बन्न सकेको छैन । झरहीखोलादेखि बुद्धचोकसम्मको सडक बन्न नसक्दा स्थानीय धुलो र हिलाम्मेबाट सास्ती खेप्नु परेको छ । संघीय सरकारको बजेटमा उक्त सडक बनाउन ४ वर्षअघि ठेक्का आव्हानसमेत गरी सकिएको छ । ठेक्का आव्हान भइसकेकाले नगरपालिकाले समेत बजेट छुट्टाउन नमिल्ने भएकाले सडक अहिलेसम्म अलपत्र छ । जसका कारण स्थानीयहरुले सास्ती व्यहोर्नु परेको हो । सडक बनाउनका लागि वडा कार्यालयदेखि नगरपालिकासम्म पुग्दासमेत सुनुवाई नभएको भन्दै स्थानीयहरु जनप्रतिनिधिहरुसँग आक्रोशित छन् । सडक नबन्दा सदरमुकामकै सौन्दर्य कुरुपहुँदै गएको रामग्राम नगरपालिकाका प्रमुख नरेन्द्र कुमार गुप्ताले बताए । संघीय सरकारको बजेटले सडक निर्माणको ठेक्का निकालिएको छ । स्थानीय तहहले बजेट छुट्टाउन मिलेन । यो ठेक्का रद्ध हुने बित्तिकै तत्काल नगरपालिकाले आफ्नै लगानीमा काम सुरु गर्छ,'नगर प्रमुख गुप्ताले भने । लामो समय बितिसक्दा पनि काम नगर्ने निर्माण कम्पनीलाई सरकारले कालो सूचीमा राखेर कारबाही गर्नुपर्ने नगर प्रमुख गुप्ताले माग गरे । भैरहवाभूमही सडक खण्डको वाइपास रोडदेखि सदरमुकाम जोड्ने यो प्रमुख सडक हो । नगरपालिकासँग जोडिने यो सडकमा सवारी चाप अधिक हुने गरेको छ । चापका कारण अत्याधिक धुँलो भएपछि सवारीसाधनहरु दिउँसै लाइट बालेर हिँड्नुपर्ने अवस्था छ । सडक धुलाम्मे भएका कारण पसल बन्द गर्नु परेको व्यवसायी अनिस अग्रहरीले बताए । धुलोका कारण पसल व्यवसायलाई मात्र नभई स्वास्थ्यमा समेत प्रतिकुल असर पुगेको अर्का स्थानीय श्यामराज कालिकोटाले बताए । सडक निर्माणका लागि आव २०७३७४ मा सघन शहरी तथा भवन निर्माण आयोजना चितवनले ठेक्का आव्हान गरेको थियो । जसअनुसार निर्माण कार्यको जिम्मेवारी पाएको गौरी पार्वती निर्माण सेवा सामाखुसी काठमाण्डौंले अहिलेसम्म सडक बनाउने कार्य सुरुवात समेत गरेको छैन् । २ पटकसम्म म्याद थप गर्दासमेत सडक नबनेपछि असार १५ गते ठेक्का तोड्नका लागि सूचना निकालेको आयोजना कार्यालयका प्रमुख इन्जिनियर प्रकाश अर्यालले बताए । सडक निर्माणमा व्यवसायीले चरम लापारबारही नै गरेको हो । साउनको दोस्रो सातादेखि काम सुरु गरेर ४ महिनाभित्र सम्पन्न गर्छौं भनेर लिखित प्रतिबद्धता आएको छ, 'अर्यालले भने । नयाँ प्रक्रियामा जाँदा समय लाग्ने भएकाले निर्माण व्यवसायीले दिएको उक्त अवधि पनि हेर्ने मनसायमा रहेको इन्जिनियर अर्यालले बताए । झरहीखोलादेखि बुद्धचोकहुँदै मञ्जरिया जोड्ने सडक र पोखरापालीसम्मको सडक, नाली र फुटपाथ निर्माणका लागि निर्माण कम्पनीले १६ करोड ९४ लाखमा ठेक्का लिएको हो ।"
मजदुरलाई उपचार गर्ने अस्पताल ५७ वर्षमा,"नुवाकोट : विदुर नगरपालिका९ वागटारमा रहेको त्रिशूली अस्पताल सोमबार स्थापनाको ५७ औं वबर्षमा प्रवेश गरेको छ। अस्पतालमा हाल नुवाकोट, रसुवा र धादिङका उत्तरी भेगका सर्वसाधारणको उपचार हुँदै आएको छ। गत २०२१ सालमा त्रिशूली जलविद्युत केन्द्रका कर्मचारीहरुको स्वास्थ्य उपचारको लागि अस्थायी रुपमा खोलिएको साधारण स्वास्थ्य केन्द्रको विकसित रुप नै अहिलेको नुवाकोट जिल्ला अस्पताल त्रिशूली हो। स्थापनाको एक दशपछि २०३२ सालमा उक्त स्वास्थ्य केन्द्र आम नागरिकको लागि पनि खुल्ला गरिएसँगै त्रिशूली अस्पताल नुवाकोट, रसुवा र धादिङका जनताको स्वास्थ्य उपचारको लागि उपयुक्त गन्तव्य बन्दै आएको अस्पतालका अध्यक्ष अर्जुनप्रसाद न्यौपानेले वताए। सो अस्पतालमा हाल कोरोना संक्रमितहरुको उपचार हुदै आएको छ। पहिले १५ शैय्याबाट सेवा दिन थालिएपनि आवश्यकता अनुसार २०६९ सालमा यो अस्पताल ५० शैय्यामा स्तरोन्नती भएको हो । २०७२ सालको विनासकारी भुकम्पमा परी पुर्णरुपमा क्षति हुँदापनि अस्थायी टेन्ट प्रयोग गरेर त्यहाँका जनताको स्वास्थ्य उपचार र जीवन रक्षामा सो अस्पतालले नुवाकोट, रसुवा र धादिङ तिनै जिल्लाका नागरिकहरुलाई उपलब्ध गराएको उपचार सेवा दिइरहेको स्थानीयवासी बताउँछन्। अस्पतालमा हाल उच्च आधुनिक एउटासहित अन्य चार वटा सानाठुला भवनहरु रहेका छन्। २०७३ सालमा अस्पताल परिसरमा वनाइएको प्रिफ्याबको भवनबाट अस्पतालको सम्पुर्ण सेवा दिदै आएकोमा अहिले कोरियन सहयोग संस्था कोइकाको सहयोगमा नवनिर्मित अत्याधुनिक भवनबाट अस्पतालले सेवा सन्चालन गरिरहेको छ। देश संघीयतामा गएपछि बागमती प्रदेश सरकार मातहत रहेको त्रिशूली अस्पताललाई गत वर्ष एक सय शैय्यामा स्तरोन्नति गर्ने घोषणा भएसँगै अस्पतालको सांगठनिक पुनर्संरचनाको लागि ओएनएम सर्भे गर्न सामाजिक विकास मन्त्रालयले पहल गरेको छ। अस्पताललाई चाहिने थप जग्गा प्राप्तिको लागि नेपाल सरकार मन्त्रीपरिषदसम्म माग पुगेको अस्पतालका प्रमुख डा दीपेन्द्र पाण्डेले बताए। उनका अनुसार कुल ५९ जना स्थायी दरवन्दी भएको त्रिशूली अस्पतालमा २६ जना मात्र दरबन्दी परिपुर्ती भएको प्रतिकुल अवस्थामा पनि अस्पताल संचालन तथा व्यवस्थापन समितिबाट थप कर्मचारीको व्यवस्थापन गरी करिब एकसय ९० जना कर्मचारीले सेवा दिइरहेका छन्। स्वास्थ्य मन्त्रालयको न्युनतम सेवा मापदण्ड अनुसार ५० बेडका अस्पतालमध्ये उत्कृष्ट ठहरिएको यस अस्पतालले कोभिड महामारीको बिचमा आफ्नै अक्सिजन प्लान्ट, आफ्नै पिसिआर प्रयोगशाला, ६० बेडको कोभिड वार्ड र १२ वटा भेन्टिलेटरसहित २० बेडको आईसियुएचडियु संचालनमा ल्याई नुवाकोट, रसुवा र धादिङ जिल्लाका जनताको सेवामा अनवरत खटिएर उदाहरणीय कार्य गरेको छ। अस्पतालले हाल नुवाकोटसहित रसुवा र धादिडका सर्वसाधारणलाई स्वास्थ्य सेवा दिँदै आएको छ। दैनिक एकसय जनाभन्दा बढीले आकस्मिक र वहिरंग सेवामार्फत उपचार लिँदै आइरहेका छन्।"
शिवालय बन्द : भक्तजन अलपत्र,"काठमाडौं : साउन महिनाको दोस्रो सोमबार पशुपतिनाथलगायत देशभरका शिवालय बाहिर भक्तजनको भीड लागे पनि धेरैले मन्दिरभित्र प्रवेश गरेर दर्शन एवं पूजा आराधना गर्न पाएनन्। पशुपतिनाथ मूल मन्दिर भक्तजनका लागि खुला नगरिएपछि भक्तजन बाहिरी क्षेत्रका शिवालयमा दर्शन एवं पूजा आराधना गरेर फर्किएका छन्। नयाँ भेरियन्टसहितको कोरोना महामारी कम हुँदै गएको भन्दै सार्वजनिक यातायातलगायत अन्य सबैजसो क्षेत्र खुला गरिसकिएको अवस्थामा मन्दिर पनि खुला गरिनुपर्ने भक्तजनको माग छ। साउन महिना र सोमबार शिवको महिना एवं बार भएकाले दर्शन तथा आराधनाका लागि दैनिक लाखौँ भक्तजन पशुपति क्षेत्र आउने परम्परा छ। गत वर्ष र यस वर्ष पनि साउन महिनामा पशुपतिनाथ मन्दिर नखुल्दा बाहिरबाट दर्शन गर्न बाध्य हुनुपरेको चन्द्रागिरि नगरपालिकाबाट दर्शनका लागि आउनुभएका श्यामप्रसाद भुर्तेलले सुनाए। पशुपतिनाथ मूल मन्दिरको दक्षिणी भागस्थित मुख्य ढोकाबाट मूलभट्ट एवं भट्टलाई भेट्न जाने जनाउँदै केही मानिस भित्रिने तर अरुलाई छिर्न नदिने गरेको अनुभव भोग्नुपरेको उनको गुनासो छ। शङ्करका मन्दिरमा पनि यस्तो व्यवहार हुँदा दुःखी हुनुपरेको पशुपति क्षेत्र आउने भक्तजनको भनाइ छ। पशुपति क्षेत्र विकास कोषले मूल मन्दिरका सबै ढोका बन्द गरेर साउनमा सुन्दरीजलबाट पशुपतिनाथसम्म बोल बम काँवर यात्रासमेत स्थगन गरेको छ। कोषले यात्रा स्थगन गरे पनि केही बोलबम यात्री भने सुन्दरीजलबाट सवारी साधन प्रयोग गरी जल लिएर पशुपति क्षेत्र प्रवेश गरेको देखिन्छ। कोषका सदस्य सचिव डा प्रदीप ढकाल मूलभट्टलाई भेट्न आउने आगन्तुक पञ्चदेवलसँगैको दक्षिणी ढोकाबाट प्रवेश गर्न दिइए पनि मूल मन्दिरमा प्रवेश गर्न सुरक्षाकर्मीले रोकेको बताउँछन्। आइतबारदेखि बढी भीडभाड हुने मन्दिरलगायत क्षेत्रका लागि १० ठाउँमा निषेधाज्ञा थपिएकाले पनि साउनभर नै मन्दिर खुला गर्न सकिने अवस्था नदेखिएको उनले बताए। पशुपतिनाथ मन्दिर गत वैशाख पहिलो सातादेखि नै भक्तजनका लागि बन्द गरिएको थियो। त्यसैबेलादेखि विशेष पूजा पनि रोकिएको छ। मूल मन्दिरमा साउनमा प्रत्येक वर्ष हुने अन्य पूजा भने जारी रहेको जनाइएको छ। गोकर्णेश्वर मन्दिर बाहिर भीड राजधानीको उत्तरी भेगस्थित गोकर्णेश्वर महादेव मन्दिरको बाहिरी क्षेत्रमा पनि भक्तजनको भीड लागेको छ। पशुपतिनाथ मन्दिर बन्द भएपछि केही दर्शनार्थी गोकर्णेश्वर मन्दिरमा दर्शन गर्न पाइने आशामा जम्मा भएकामा बाहिरैबाट फर्कनुपरेको दुःखेसो पोख्छन्। पशुपतिनाथमा श्रीयन्त्र र गोकर्णेश्वर मन्दिरमा बालयन्त्रको पूजा आराधना हुने भएकाले दुवैको उत्तिकै शास्त्रीय महत्व रहेको धर्मशास्त्रविद् प्रा डा रामचन्द्र गौतम बताउँछन्। असारको अन्तिम साता गोकर्णेश्वर नगरपालिका ४ का वडाध्यक्ष श्रीकुमार श्रेष्ठले विज्ञप्ति निकाली यस वर्ष साउनमा मन्दिर बन्द रहने जानकारी गराएका थिए। गोकर्णेश्वर मन्दिरमा नित्य पूजा, आरतीबाहेकका सबै गतिविधि बन्द गरिएको नगरपालिकाले जनाएको छ। नगरवासीको स्वास्थ्य सुरक्षाका कारण साउनमा पनि बाध्य भएर मन्दिर बन्द गर्नुपरेको नगरपालिकाका प्रवक्ता मनोजकुमार ढुङ्गानाले बताए। बाहिरी भागमा जम्मा भएका भक्तजन भने भौतिक दूरी कायम गरी स्वास्थ्य सुरक्षाका मापदण्ड पालना गरेर छिर्न पाउने व्यवस्था गर्नुपर्ने माग गर्छन्। वाग्मतीको वारिपारि दूरी कायम गरी बस्न सकिने प्रशस्त स्थान भएकाले त्यस्तो व्यवस्था गर्न दर्शनार्थी पार्वती पुडासैनीले माग गरे। नागेश्वरमा दर्शन व्यवस्था काठमाडौँ उपत्यकाका अन्य शिवालयमा पनि भक्तजनको भीड लागेको छ। काठमाडौँ महानगरपालिका ३२ स्थित पेप्सीकोलाको नागेश्वर महादेव मन्दिरको बाहिरी क्षेत्रमा पनि भक्तजनको भीड लागेको छ। गत हप्ता भक्तजनलाई दूरी कायम गरी स्वास्थ्य सुरक्षाका मापदण्ड पूरा गरेर दर्शन एवं पूजा आराधनाको व्यवस्था मिलाइएकामा यस हप्ता भने कोरोना सङ्क्रमितको सङ्ख्या बढ्न थालेकाले मूल ढोका बन्द गरी बाहिरबाट पूजा गर्ने व्यवस्था मिलाइएको मन्दिर व्यवस्थापन समितिका अध्यक्ष प्रकाश रायमाझीले जानकारी दिए। काठमाडौँ उपत्यका र बाहिर पनि शहरी क्षेत्रका ठूला मन्दिर कोरोना जोखिमका कारण बन्द गरिएका छन्। भक्तजनलाई बन्द गरिए पनि मन्दिरमा नित्य पूजा एवं आरती भने हुने गरेको छ। सार्वजनिक यातायातलाई भीड गर्न दिने तर मन्दिर नखोल्ने नीतिप्रति भक्तजनले आपत्ति जनाएका छन्।"
"छुरा प्रहारबाट मोरङमा एकजनाको हत्या, एक गम्भीर","विराटनगर : मोरङको उर्लाबारी नगरपालिका८ राजघाटमा छुरा प्रहार गरेर सोमबार दिउँसो एक किशोरको हत्या गरिएको छ । प्रहरीका अनुसार छुरा प्रहार गरेर १७ वर्षीय अभिशेक चौधरीको हत्या गरिएको हो । स्थानीय भुरन चौधरीको घरमा बसिरहेका बेला छसातजनाको समूहमा आएका युवाहरुले अभिशेकमाथि दिउँसो १ : १५ बजेतिर छुरा हानेको मोरङ प्रहरीका प्रवक्ता डीएसपी दीपक श्रेष्ठले जानकारी दिए । उनका अनुसार ढाडमा गरिएको छुरा प्रहारबाट गम्भीर घाइते भएपछि उपचारका लागि झापाको बिर्तामोडस्थित बी एन्ड सी अस्पताल पुर्याउनेवित्तिकै उनलाई चिकित्सकले मृत घोषित गरेका हुन् । उक्त समूहको आक्रमणमा परेर अभिशेषसँगै रहेका २१ वर्षीय सुशन धामी घाइते भएका छन् । शरीरका विभिन्न भागमा छुरा प्रहार गरिएको चोट रहेका धामीको उर्लाबारीस्थित अरनिको अस्पतालमा उपचार भइरहेको जानकारी डीएसपी श्रेष्ठले दिए । घटनास्थलमा पुगेर इलाका प्रहरी कार्यालय उर्लाबारीका प्रहरी निरीक्षक राजाराम खड्का नेतृत्वको टोलीले घटनाको अनुसन्धान थालेको छ । खड्का नेतृत्वकै टोलीले घटनामा संलग्न भएको आशंकामा १८ वर्षीय निशान राई र पवन कार्कीलाई नियन्त्रणमा लिएको छ । घटनामा संलग्न अरु युवा फरार रहेका कारण खोजी तीव्र पारिएको डीएसपी श्रेष्ठले बताए । उनका अनुसार फुटबल खेल्ने क्रममा दुई पक्षबीच विवाद भएको खुलेको छ । फुटबल खेल्दा विवाद भएर दुई पक्षबीच सामान्य भनाभन र झगडा पनि भएको रहेछ । तर त्यो विवाद त्यतिबेरै दुई पक्षीय सहमतिमा मिलाइएको पनि रहेछ, श्रेष्ठले भने, तर त्यही रिसईबी साँधेर बसेको एउटा समूहले भने ज्यानै लिने घटना गराएको पुष्टि भयो । घटनाका बारेमा गम्भीर ढंगले अनुसन्धान सुरु गरिएको छ ।"
बोक्सीको आरोप लगाउने प्रहरी फन्दामा,सिन्धुली : सिन्धुलीमा बोक्सीको आरोप लगाउँदै दुर्व्यवहार गर्ने एकजनालाई प्रहरीले पक्राउ गरेको छ । पक्राउ पर्नेमा दुधौली नगरपालिका १० का नारायण कार्की रहेको प्रहरीले जनाएको छ । जिल्ला प्रहरी कार्यालय सिन्धुलीका प्रवक्ता मनोज कुमार लामाका अनुसार कार्कीले सोहि वडाकी ४० वर्षीया लक्ष्मी कार्कीलाई बोक्सी भनि बेला बेलामा झगडा गर्ने गरेका थिए । कार्कीले आफूमाथि बोक्सीको आरोप लगाउँदै दुर्व्यवहार गरेको भन्दै उजुरी दिएपछि नारायणलाई प्रहरीले आइतबार पक्राउ गरेको हो । उनीमाथि अनुसन्धान भइरहेको प्रहरीले जनाएको छ।
वडा अध्यक्षको मृत्युपछि सन्धिखर्क नगरपालिका एक हप्ता सिल,"सन्धिखर्क : अर्घाखाँचीको सन्धिखर्क नगरपालिका वडा नम्बर ८ का वडा अध्यक्ष इश्वरी प्रसाद भुसालको कोरोना संक्रमणबाट मृत्यु भएपछि एक हप्ताको लागि नगरपालिका बन्द गरिएको छ। सन्धिखर्क नगरपालिका ८ किमडाँडा घर भएका वडा अध्यक्ष भुसालको उपचारका क्रममा काठमाडौंको ह्याम्स अस्पतालमा आइतबार मृत्यु भएको थियो । बिरामी परेपछि अर्घाखाँची अस्पतालमा उपचारका लागि भर्ना गरिएको ६१ वर्षीय वडा अध्यक्ष भुसालको अवस्था गम्भीर बनेपछि आज भन्दा ४ दिन अघि हेलिकोप्टरबाट काठमाडौं लगिएको थियो । नगर प्रमुख कमल प्रसाद भुसालको अध्यक्षतामा सोमबार बसेको नगर कार्यपालिकाको बैठकले नगर कार्यपालिकाको कार्यालय तथा १२ वटै वडा कार्यालयका अत्यावश्यक बाहेकका सम्पूर्ण काम श्रावण १७ गते सम्म बन्द गर्ने तथा सबै वडा र नगरमा १३ दिन सम्म शोक पुस्तिका राख्ने निर्णय भएको प्रमुख प्रशासकीय अधिकृत नारायण अर्यालले बताए । उनी शिक्षक पेशाको अवकास पछि वडा अध्यक्ष निर्वाचित भएका थिए । अर्घाखाँचीमा हालसम्म कोरोनाका कारण ७० जनाको ज्यान गएको सहायक प्रमुख जिल्ला अधिकारी बिक्रम थापाले बताए । कोरोनाका कारण सन्धिखर्क नगरपालिकामा २०, भुमिकास्थान नगरपालिकामा १५, शितगंगा नगरपालिकामा १२, मालारानी गाउँपालिकामा १२, पाणिनि गाउँपालिकामा ८, र छत्रदेव गाउँपािलकामा ३ जना गरी ७० जनाको ज्यान गएको हो । हाल सम्म जिल्लाभरमा कुल कोरोना संक्रमितको संख्या ३१ सय १६ पुगेको छ । हाल सम्म कोरोना मुक्त हुनेको संख्या २६ सय ३४ पुगेको छ । अब जिल्लाभरमा सक्रिय कोरोना संक्रमितको संख्या ४ सय १२ पुगेको छ ।"
ओढारमा २२ नाल भरुवा बन्दुक भेटियो,"बागलुङ : बागलुङमा लुकाइराखेको अवस्थामा प्रहरीले २२ नाल भरुवा बन्दुक फेला पारेको छ। आइतबार दिउँसो प्रहरीचौकी बुङ्गादोभान बागलुङबाट खटिएको प्रहरीको गस्ती टोलीले २२ नाल भरुवा बन्दुक फेला पारेको जिल्ला प्रहरी कार्यालय बागलुङका सूचना अधिकारी तथा प्रहरी नायब उपरीक्षक इकवाल हवारीले जानकारी दिए। जिल्लाको तमानखोला गाउँपालिका४ लाममेलास्थित घट्टेखोला नजिकै रहेको ओढारमा एकनाले भरुवा बन्दुक १२ थान र तमानखोला३ मार्के खोलाको ओढारमा एकनाले १० थान बन्दुक फेला परेको हवारीले जानकारी दिए। प्रहरीले भरुवा बन्दुकसहित स्थानीयवासीलाई विभिन्न समयमा पक्राउ गर्दै आएपछि स्थानीयवासीले डराएर ओढारमा लगेर भरुवा बन्दुक लुकाउन थालेको प्रहरीको भनाइ छ। 'बागलुङको पश्चिम क्षेत्रमा भरुवा बन्दुक लुकाउने र शिकार खेल्ने परिपाटी रहेछ, हामी निस्तेज पार्ने अभियानमा छौँ', प्रनाउ हवारीले भने, 'प्रहरीले भरुवा बन्दुक पक्राउमा सक्रियता देखाएपछि आफू फस्ने डरले केहीले ओढारमा त केहीले जङ्गलमा लुकाउन थालेका हुन्।' ओढारमा भरुवा बन्दुक लुकाइछिपाई राख्नेका बारेमा थप अनुसन्धान र खोजतलास भइरहेको प्रहरीको भनाइ छ।"
तीन दिन देशका अधिकांश स्थानमा वर्षा हुने,"काठमाडौं : मनसुनी वायुको प्रभावले आगामी तीन दिन देशका अधिकांश स्थानमा वर्षा हुने भएको छ । सोमबारदेखि विस्तारै न्यूनचापीय रेखा नेपालको तराई भू(भाग नजिक आउने देखिएकाले धेरैजसो स्थानमा हल्कादेखि मध्यम वर्षा हुनाका साथै केही स्थानमा भारी वर्षाको सम्भावना रहेको मौसमविद् गङ्गा नगरकोटीले जानकारी दिए उनका अनुसार सो प्रणालीका कारण सोमबार सुदूपश्चिम प्रदेशका थोरै स्थानमा भारी वर्षा, मङ्गलबार राति प्रदेश नं १, बागमती, गण्डकी, कर्णाली र सुदूरपश्चिम प्रदेशका केही स्थानमा भारी वर्षाको सम्भावना रहेको छ । साथै प्रदेश नं १ र बागमती प्रदेशका एकदुई स्थानमा भारी वर्षाको पनि सम्भावना रहेको बताइएको छ । बुधबार देशैभर धेरै स्थानमा हल्कादेखि मध्यम वर्षा भइ केही स्थानमा भारी रधेरै भारी वर्षाको सम्भावना रहेकाले मौसम पूर्वानुमान महाशाखाले आवश्यक सतर्कता अपनाउन आग्रह गरेको छ । हाल देशभर सामान्यदेखि पूर्ण बदली रही गण्डकी, लुम्बिनी, कर्णाली र सुदूरपश्चिम प्रदेशका केही तथा अन्य प्रदेशका थोरै स्थानका हल्कादेखि मध्यम वर्षा भइरहेको छ । मौसम पूर्वानुमान महाशाखाको पछिल्लो विवरणअनुसार सोमबार काठमाडौँ उपत्यकाको न्यूनतम तापक्रम २२ दशमलव शून्य डिग्री र अधिकतम तापक्रम ३१ दशमलव पाँच डिग्री सेल्सियस छ । त्यस्तै सोमबार सबैभन्दा कम जुम्लाको न्यूनतम तापक्रम १७ दशमलव पाँच डिग्री र सबै भन्दा धेरै धनगढीको अधिकतम तापक्रम ३४ दशमलव दुई डिग्री सेल्सियस रहेको छ ।"
लागुऔषधसहित युवक पक्राउ,"वीरगन्ज : वीरगन्जबाट प्रहरीले ठूलो परिमाणमा लागु औषधसहित एक युवकलाई पक्राउ गरेको छ । वीरगन्ज महानगरपालिका वडा नम्बर २४ रामगढवाका २६ वर्षीय अफरोज मिया नेपालमा प्रतिबन्धित ६ सय थान लागुऔषधसहित पक्राउ परेका हुन् । भारतको रक्सौलबाट पैदल वीरगन्ज आउँदै गरेका मियालाइ वीरगन्ज १९ इनर्वामा प्रहरीले रोकेर चेकजाँच गर्दा मियाले बोकेको तरकारीको झोला भित्रबाट लागु औषध नुर्फिन २०० एम्पुल, डाइजेपाम २०० एम्पुल र फेनारगन २०० एम्पुल बरामद गरेको हो । लागु औषध सहित पक्राउ परेका मियालाइ जिल्ला प्रहरी कार्यालय पर्साको हिरासतमा राखेर लागु औषध सम्बन्धी कसूरमा अनुसन्धान अगाडि बढाइएको पर्साका प्रहरी प्रवक्ता प्रहरी नायव उपरीक्षक ओम प्रकाश खनालले जानकारी दिए ।"
मेलम्चीवासीका मागप्रति सरकार गम्भीर,"काठमाडौं : प्रधानमन्त्री शेरबहादुर देउवासँग मेलम्ची बाढी प्रभावितले मेलम्ची वरपरका क्षेत्रमा तत्काल तटबन्धको व्यवस्था मिलाउन माग गरेका छन् । मेलम्चीका बाढी प्रभावित सागरकुमार श्रेष्ठको नेतृत्वमा आएको टोलीले सोमबार प्रधानमन्त्री शेरबहादुर देउवालाई प्रधानमन्त्रीको सरकारी निवास बालुवाटारमा भेटेर मेलम्ची बाढी प्रभावित क्षेत्रमा थप क्षति हुन नदिन तत्काल तटबन्धको व्यवस्था गर्न माग गरेका हुन् । बाढी प्रभावितले नदिलाई पुरानै धारमा कायम गर्नुपर्ने, बाढीमा पुरिएका घर र खेत जोगाउन माटो व्यवस्थापन, स्काभेटरमार्फत जमिनको सतह मिलाउने प्रबन्ध गर्नुपर्ने, बाढीले घरबारविहीन भएका र रोजीरोटी गुमाएका, व्यवसायमा क्षति पुगेकालाई उचित आर्थिक प्याकेज ल्याउनुपर्ने बताएका छन् । यस्तै बैंकको ऋणबाट व्यवसाय गरिरहेकालाई व्याज मिनाहा र सहुलियतको व्यवस्था मिलाउनुपर्ने, किसान, उद्योगी, व्यापारी विद्यार्थीका लागि अल्पकालीन र दीर्घकालीन राहत प्याकेज घोषणा गर्नुपर्ने, मेलम्ची र हेलम्बुमा तत्काल बेलिब्रिजको व्यवस्था गर्नुपर्ने, विद्युत् महसुलमा छुटको प्रबन्ध मिलाउनुपर्ने मागसमेत गरेका छन् । उनीहरुले बाढीग्रस्त क्षेत्रको पुनःनिर्माणका लागि बृहत् परियोजनाका लागि सरकारले आवश्यक बजेटको व्यवस्था गर्नुपर्ने, मृतकका परिवारलाई उचित क्षतिपूर्ति, जीवन निर्वाह गर्न रोजगारी र उनीहरुका सन्तानलाई उच्च शिक्षासम्मका लागि सरकारले प्रबन्ध गर्नुपर्ने बताएका छन् । भेटपछि प्रधानमन्त्री देउवाले बाढी र पहिराले मेलम्ची क्षेत्रमा पुर्याएको क्षतिका बारेमा आफू जानकार रहेको बताउँदै मेलम्चीवासीले राखेको मागका बारेमा सरकार गम्भीर रहेको स्पष्ट पारे। २०७२ वैशाख १२ गते गएको गोरखा भूकम्पले सबैभन्दा ठूलो क्षति व्यहोरेको मेलम्चीले २०७८ असार १ गते राति परेको अविरल वर्षासँगै आएको बाढीले ठूलो क्षति पुर्याएको छ । बाढीले सिन्धुपाल्चोकको हेलम्बु गाउँपालिका, मेलम्ची नगरपालिका र पाँचपोखरी थाङपाल गाउँपालिकामा ठूलो क्षति पुर्याएको थियो । रासस"
"निर्मला हत्या प्रकरण : तीन वर्षसम्म टुंगिएन अनुसन्धान, यथेष्ट प्रमाणकै खोजीमा प्रहरी","महेन्द्रनगर : बलात्कारपछि हत्या गरिएकी कञ्चनपुर भीमदत्तनगरपालिका२ उल्टाखामकी १३ वर्षीया बालिका निर्मला पन्त हत्या भएको तीन वर्ष पूरा भएको छ। तीन वर्षको अवधिमा अनुसन्धानका लागि थुप्रै अनुसन्धान अधिकृत परिवर्तन भए तर प्रहरीले घटनाको सत्यतथ्य पत्ता लगाउन सकेको छैन। तीन वर्ष बितिसक्दासमेत प्रहरी यथेष्ट प्रमाणकै खोजीमै छ। अहिले जिल्ला प्रहरी कार्यालय कञ्चनपुरका डीएसपी सिद्धराज न्यौपानेको नेतृत्वमा अनुसन्धान चलिरहेको एसपी उमाप्रसाद चतुर्वेदीले बताए। हामी इमान्दारिताका साथ अनुसन्धान गरिरहेका छौं, उनले भने, अहिले पनि हामी सूक्ष्म रूपमा अनुसन्धान गरिरहेका छौं, ढिलो भए पनि प्रहरीको अनुसन्धान सफल हुन्छ। जिल्ला प्रहरी कार्यालयका मात्रै होइन, केन्द्रीय अनुसन्धान ब्युरो र प्रदेश प्रहरीको टोलीले पनि घटनाको अनुसन्धान गरिरहेको छ। अनुसन्धान निष्कर्षमा पुग्न यथेष्ठ प्रमाण प्राप्त हुन सकेको छैन, एसपी चतुर्वेदीले भने, हामी बलियो प्रमाणको खोजीमा छौं। उनले शंकास्पद केही व्यक्तिलाई निगरानीमा राखिएको समेत बताए। निर्मला घटनालाई पहिलो प्राथमिकतामा राखेर अनुसन्धान गरिरहेको प्रहरीको भनाइ छ। चतुर्वेदी निर्मला घटनाबारे विगतमा केन्द्रीय अनुसन्धान ब्युरोबाट अनुसन्धानका लागि आएका थिए। उता निर्मलाका बुवा यज्ञराज पन्तले सास रहुन्जेल न्यायको आश नर्मने बताए। जबसम्म सास छ, तबसम्म त न्यायको आश रहन्छ नै, उनले भने, अहिले सरकार फेरिएको छ, न्याय दिलाउँछु भन्ने नेताहरू पनि सरकारमा छन्, अब न्याय पाइएला कि भन्ने आशा पलाएको छ। निर्मला प्रकरणको सुरुदेखि आन्दोलनमा रहेका नागरिक समाजका सचिव नरबहादुर साउदले निर्मला पन्तले न्याय पाउनुपर्ने बताए। अहिले सरकार परिवर्तन भएको छ, न्याय पाउने आश छ हामीलाई, उनले भने, अहिलेको सरकारलाई पनि ध्यानाकर्षण गराउन प्रमुख जिल्ला अधिकारीमार्फत ज्ञापनपत्र बुझाएका छौं। २०७५ साउन १० गते बलात्कारपछि हत्या गरिएको अवस्थामा उखुबारीमा निर्मलाको शव फेला परेको थियो। घटना भएको एक महिनापछि भदौ ४ गते जिल्ला प्रहरी कार्यालयले भीमदत्त नगरपालिका१९ बागफाँटाका मानसिक अवस्था ठीक नभएका दिलिप विष्टलाई सार्वजनिक गरेपछि निर्दाेषलाई फसाउन खोजिएको भन्दै कञ्चनपुरमा आन्दोलन चर्किएको थियो। आन्दोलनकै क्रममा भीमदत्त नगरपालिका१८ सालघारीका शनि खुनाको ज्यान गएको थियो। चार प्रतिवेदन वने उपलब्धि शून्य दिलिप विष्टलाई प्रहरीले अभियुक्तका रूपमा सार्वजनिक गरेपछि कञ्चनपुरमा आन्दोलन चर्कियो। प्रहरीको गोली लागेर दर्जनौं घाइते भए भने एक जनाको मृत्यु भयो। तत्कालीन एसपी दिल्लीराज विष्ट र प्रमुख जिल्ला अधिकारी कुमार खड्कालाई सरकारले केन्द्रमा तान्यो। भदौ ८ गते सरकारले गृह मन्त्रालयका सहसचिव हरिप्रसाद मैनालीको संयोजकत्वमा डीआईजीहरू र उच्च तहका सरकारी अधिकारी सम्मिलित छानबिन समिति गठन गयो। समितिले स्थलगत अध्ययनपछि मन्त्रालयमा बुझाएको प्रतिवेदन अहिलेसम्म अलपत्र छ। मैनाली समितिबाहेक निर्मला प्रकरणमा राष्ट्रिय मानव अधिकार आयोग, मानव अधिकार संगठन र प्रहरी प्रधान कार्यालयका तत्कालीन डीआईजी धीरु बस्न्यातको नेतृत्वमा पनि छुट्टाछुट्टै प्रतिवेदनहरू तयार भएका छन्। तर, ती प्रतिवेदनहरू अहिले पनि अलमलमा छन्। फेरिए ६ अनुसन्धान अधिकृत जिल्ला प्रहरी कार्यालय कञ्चनपुरबाट उक्त घटनाको अनुसन्धानका लागि ६ वटा अनुसन्धान अधिकृतहरू फेरिएका छन्। तर, निर्मला हत्याको कुनै टुंगो भने लाग्न सकेको छैन। अनुसन्धान अधिकृत रहने प्रहरी नायव उपरीक्षक पद भने छोटो समयमै परिवर्तन हुने क्रम देखिएको छ। सुरुवातमा घटनाको अनुसन्धान अधिकृतमा जिल्ला प्रहरी कार्यालयका तत्कालीन प्रहरी निरीक्षक एकीन्द्र खड्का खटिएका थिए। निर्मलालाई न्याय माग गर्दै आन्दोलन चर्किएपछि अनुसन्धान अधिकृत खड्कासहित सात जना प्रहरी निलम्बित भए। तत्कालीन जिल्ला प्रहरी कार्यालय कञ्चनपुरका प्रमुख प्रहरी उपरीक्षक डिल्लीराज विष्ट र तत्कालीन वडा प्रहरी प्रमुख प्रहरी निरीक्षक जगदीश भट्टलाई गृह मन्त्रालयले घटनाको केही महिनापछि जागिरबाटै बर्खास्त गयो। निर्मला प्रकरणको दुई वर्ष पुग्नै लाग्दा जिल्ला प्रहरी कार्यालय कञ्चनपुरबाट पाँच जना अनुसन्धान अधिकृत फेरबदल भइसके। सुरुका अनुसन्धान अधिकृत खड्का निलम्बिन भइसकेपछि निर्मला प्रकरण अनुसन्धानको नेतृत्व सम्हालेका प्रहरी नायव उपरीक्षक कृष्णराज ओझा केही महिनामै अन्यत्र सरुवा भए। उनको सरुवापछि जिल्ला प्रहरी कार्यालय कञ्चनपुर पुगेका प्रहरी नायव उपरीक्षक ज्ञानबहादुर विष्टको पनि निर्मला प्रकरणको फाइल अध्ययन गर्दैैगर्दा इलाका प्रहरी कार्यालय अत्तरीया काज सरुवा भयो। त्यसपछि निर्मला प्रकरणमा अनुसन्धानको नेतृत्व गरिरहेका प्रहरी नायव उपरीक्षक गणेश बम केही समय मात्रै कञ्चनपुर बसेर सरुवा भएको जिल्ला प्रहरी कार्यालय कञ्चनपुरले जनाएको छ।"
डुबेर दुई बालकको मृत्यु,विराटनगर : मोरङका अलगअलग स्थानमा पानीमा डुबेर डेढ वर्षे नाबालकसहित दुईजनाको मृत्यु भएको छ । विराटनगर महानगरपालिका१४ जतुवाकी फूलीयादेवी महतोका डेढ वर्षी छोरा राजकुमार महतोको नहरमा डुबेर मृत्यु भएको छ । प्रदेश १ प्रहरी कार्यालय विराटनगरका प्रवक्ता एसपी नवीनराज राईका अनुसार खेल्ने क्रममा घरनजिक रहेको नहरमा डुबेर आइतबार नाबालकको मृत्यु भएको हो । त्यस्तै मोरङे खोलामा डुबेर लेटाङ नगरपालिका५ का १५ वर्षीय समुद्र राईको मृत्यु भएको छ । पौडी खेल्ने क्रममा खोलाको दहमा डुबेर आइतबार दिउँसो समद्रको मृत्यु भएको एसपी राईले बताए । प्रहरीले दुवैघटनाको अनुसन्धान भइरहेको जनाएको छ ।
कर्णाली नदी छेउछाउका बस्ती बाढी पहिरोको उच्च जोखिममा,"मान्म : कर्णाली नदीको छेउछाउमा रहेका कालीकोटका केही बस्ती बाढी पहिरोको उच्च जोखिममा रहेका छन्। जिल्लाको नरहरिनाथ गाउँपालिका१ को लालीघाट, शुभकालीका गाउँपालिका१ जितेबजार, सान्नी त्रिवेणी गाउँपालिकाको शान्तिघाट बजार, महावै गाउँपालिकाको पादमघाट, तिलागुफा नगरपालिकाको नाग्म बजार, पचालझरना गाउँपालिकाको भुराबगर वर्षायाममा बाढी पहिरोको उच्च जोखिममा रहेका छन्। कर्णाली राजमार्ग र कर्णाली करिडोर आसपासमा बनेका यी बस्ती राजमार्ग आएपछि बनेका नयाँ बस्ती हुन्। कर्णाली राजमार्ग र कर्णाली करिडोर बनेपछि बनेका बस्ती कर्णाली नदी किनारमा रहेकाले बाढी पहिरोको उच्च जोखिममा रहेको नरहरिनाथ गाउँपालिकाका अध्यक्ष धीरबहादुर विष्टले बताए। 'कर्णाली नदी किनारमा बनेका बजार विकासको गतिसँगै बनेका हुन्', उनले भने, 'जुन ठाउँमा नदीमा जोखिमका बस्ती छन्। यी पहिला थिएनन्। नयाँ बस्ती नदी किनारमा भएका कारणले उच्च जोखिममा रहेका छन्।' कर्णाली नदी र तिला नदीको किनार फेदमा रहेको जिते बजार र लालीघाट बजार बाढीको उच्च जोखिममा रहेकाले ती बस्ती अयन्त्र सार्न धेरै प्रयास गर्दा पनि उनीहरुले नमानेको अध्यक्ष विष्टले बताए। 'विसं २०७३ मा बाढी पहिरोले लालीघाटमा आठ जनाको ज्यान गएको थियो', उनले भने, 'तर पनि उच्च जोखिममा रहेका नागरिक बस्ती सर्न मान्दैनन्।' कालीकोटमा उच्च जोखिममा रहेका यी ठाउँका बजारवासी वर्षौंदेखि बसिरहेका कर्णाली करिडोरमा यातायात सञ्चालन भएपछि नदीको छेउछाउमा अहिले कयौँ ठाउँमा बजार बनेको नरहरिनाथ१ लालीघाटका स्थानीय व्यापारी नेत्र विष्टले बताए। 'लालीघाट बजार र नदी किनारको दूरी पहिले २५ मिटर थियो तर नदीमा आइतबार रातिदेखि पानीको बहाव बढेर नदीको छालले बजार छोइसकेको छ। यही गतिमा नदीमा पानीको बहाव बढ्दै गएपछि कुन बेला बजार डुब्छ थाहा छैन', उनले भने, 'यी नदी किनारमा बनेका बस्ती नयाँ हुन्। नागरिकहरू रोजीरोटीका लागि पनि जोखिम मोलेर नै व्यापार व्यवसाय गरिरहेका छन्।' कालीकोटको पचालझरना गाउँपालिकाको भुराबगर बजार पनि बाढी पहिरोको उच्च जोखिममा रहेको गाउँपालिकाका अध्यक्ष खड्कराज सेजुवालले बताए। 'बस्तीका नागरिकलाई अन्यन्त्र जानका लागि कयौँ पटक भनिसक्यौं तर, उहाँहरू मान्नु हुन्न', उनले भने, 'बजार नै बनाएर बसेको कारणले उहाँहरुले मान्नुभएको छैन। भोलि ठूलो जोखिम निम्तिन सक्छ।' जिल्लामा बाढी पहिरोको उच्च जोखिममा रहेका बस्ती तथा बजारहरु अन्यन्त्र सार्न आग्रह गरिएको कालीकोटका प्रमुख जिल्ला अधिकारी कृष्णप्रसाद आचार्यले बताए। 'जिल्ला विपद् व्यवस्थापन समितिको बैठकले वैशाख महिनादेखि नै जोखिममा रहेका बस्तीका नागरिकलाई सुरक्षित स्थानमा रहन तथा बस्ती नै सार्न आग्रह गरेका छौँ', उनले भने, 'अटेरी गरेर बसेको ठाउँमा अहिले पनि जोखिमका विषयमा जानकारी दिएर सचेत गराइरहेको छौँ।' कालीकोटमा गत वर्षमा बाढी पहिरोमा परी ५३ जनाले ज्यान गुमाउनुका साथै करोडौँको धनमाल नष्ट भएको थियो। एक हजार घरपरिवार विस्थापित भएका थिए। यस वर्ष वर्षायाम शुरु भएयता बाढी पहिरोमा परेर तीन जनाको ज्यान गइसकेको जिल्ला प्रहरी कार्यालय कालीकोटले जनाएको छ।"
बाढीको डरले रातभर जाग्राम,"गुलरिया : गुलरिया नगरपालिका वडा नम्बर ५ बालापुर गाउँका वडघर तिहारबहादुर चौधरी रातभर जाग्राम बस्छन् । बबई नदीको नजिकै रहेको बस्तीमा वर्षादको बेला कतिबेला बाढी आउँछ भन्ने उनलाई सधैं पिरलो छ । पानी परेको दिन त बस्तीका सबै बासिन्दा जाग्राम हुन्छन् । पटक पटक बाढीको चेपेटामा पर्दै आएको सदरमुकाम अवस्थित बालापुर बस्तीका स्थानीय तीन महिना समस्यामा पर्छन् । 'असार, साउन र भदौ महिना हाम्रो लागि अभिषाप भएर आउँछ', वडघर तिहार बहादुरले दुःखेसो पोखे, 'बाढी आउने महिनामा हामीहरु रातभरी निदाउँदैनौं । कतिबेला बाढी आउँछ अनि घर परिवार तहस नहस पार्छ भन्ने हामीलाई सधैं त्रास रहन्छ । पटक पटक राती उठेर नदी हेर्न पुग्छौं । नदी बढेको अवस्थामा गाउँलेलाई खबर गर्छौं ।' उनले भने, 'बस्तीमा बाढी पस्यो भने गाउँ नै ६ फुट डुब्छ । पशुचौपायाहरुको विजोग हुन्छ । हामी त सेल्टर हाउसमा बसौला पशुहरुलाई कहाँ लैजाने चौपायाको समेत विजोग हन्छ ।' बाढीले धेरै धनजनको क्षती ब्यहोर्नु परेको उनले बताए। 'नदीमा तटबन्धको काम त कता कता भैरहेछ । हाम्रो गाउँको नजिकै करिव १२ किलोमिटर क्षेत्रमा कुनै पनि तटबन्धन भएको छैन । खोइ हाम्रो यता किन तटबन्ध भएन', उनले अनभिज्ञता प्रकट गर्दै थपे, 'हामीलाई पनि राज्यले सुरक्षा दिनु पर्ने हो किन लापरवाही गर्यो होला?' तत्कालीन सिंचाई मन्त्री संजयकुमार गौतमले बबई, भादा, औरहीनदी नियन्त्रण आयोजनाको कार्यालय बर्दियामा स्थापना गरी नदी नियन्त्रण कार्य शुचारु गरेपछि गुलरियावासी हौसिएका थिए । गौतमको कार्यकालपछि यतिका वर्ष बितिसक्दा पनि नदी नियन्त्रणको काम नसकिएपछि स्थानीयहरु निरुत्साहित बनेका छन् । बबई, भादा, औरहीनदी नियन्त्रणको काम कछुवाको गतिमा भएको प्रति स्थानियहरु चिन्तित छन् । आयोजनाको काम समयमै सम्पन्न नहुँदा स्थानीय बबईको बाढीबाट त्रासमुक्त हुन सकेका छैनन् । 'हामीलाई बाढीको डरले अझै छोडेको छैन', बालापुर निवासी खुशीराम थारुले भने, ' बबईको सबैतिर ड्याम सहितको तटबन्ध निर्माण हुँदैछ । तर हाम्रो बालापुरको क्षेत्रमा निर्माणको काम सुरु हुने तरखर नै छैन । बाढीका कारण स्थानीयको तरकारी खेती, माछा पालन, पशुचौपाया लगायत अन्नपातहरु नष्ट भएर जान्छ । त्यसको क्षती कसले ब्यहोर्ने?' जसरी हुन्छ हाम्रो बालापुर गाउँ सुरक्षित गर्दिनु पर्यो । ०७१ र ०७४ को बबई नदीमा आएको बाढीले बालापुरवस्ती धेरै प्रभावित भयो । फेरि पनि नहोला भन्न सकिन्न । गुलरिया नगरपालिका र वडाको बजेटले नदि नियन्त्रणमा कुनै उपलब्धी देखिंदैन । तर पनि नगरपालिकासँगको सहकार्यमा बालापुरमा सेल्टर हाउस निर्माण भएको गुलरिया नगरपालिका वडा नम्वर ५ का वडा सदस्य युवराज श्रेष्ठले बताए । 'वडाले समुदायमा बाढीको सचेतना दिने गरेका छौं । बाढीले निर्माण गरिएका सडक समेत बगाउने गर्छ । बालापुरमा बबई नदीको बाढी आए धनजनको ठूलो क्षती हुन्छ', उनले भने।"
वीरगन्जमा लागूऔषध सहित युवक पक्राउ,"वीरगन्जः वीरगन्जबाट प्रहरीले ठूलो परिमाणमा लागूऔषध सहित एक युवकलाई पक्राउ गरेको छ । वीरगन्ज महानगरपालिका वडा नम्बर २४ रामगढवाका २६ वर्षीय अफरोज मिया नेपालमा प्रतिबन्धित ६ सय थान लागूऔषध सहित पक्राउ परेका हुन् । भारतको रक्सौलबाट पैदल वीरगन्ज आउँदै गरेका मियालाई वीरगन्ज १९ इनर्वामा प्रहरीले रोकेर चेकजाँच गर्दा मियाले बोकेको तरकारीको झोला भित्रबाट लागूऔषध नुर्फिन २०० एम्पुल, डाइजेपाम २०० एम्पुल र फेनारगन २०० एम्पुल बरामद गरिएको हो । मियालाई जिल्ला प्रहरी कार्यालय पर्साको हिरासतमा राखेर लागूऔषध सम्बन्धी कसूरमा अनुसन्धान अगाडि बढाइएको पर्साका प्रहरी प्रवक्ता प्रहरी नायव उपरीक्षक ओम प्रकाश खनालले जानकारी दिए ।"
