"शीर्षक","विवरण"
"विश्वविद्यालयमा मेरिटोक्रेसीको अभ्यास","यतिबेला नेपाली शैक्षिक क्षेत्र त्यसमा पनि विश्वविद्यालयका पदाधिकारी छनोटमा निकै चर्चामा आएको तथा प्रयोगमा आइसकेको शब्द हो मेरिटोक्रेसी । मेरिटले योग्यता, क्षमता, दक्षता बुझाउँछ भने क्रेसी शब्दले शासन व्यवस्था भन्ने बुझाउँछ । अर्थात्् एउटा संस्थामा उच्च पदमा कर्मचारीहरूको छनोट उनीहरूको शैक्षिक योग्यता, कार्यकुशलता, दक्षता र अनुभवको आधारमा गरिन्छ भने त्यो मेरिटोक्रेसी हो । कुनै पनि राम्रा शब्दलाई विकृत रूपमा निरन्तर प्रयोग गर्दै गइयो भने विकृत रूपमै समाजमा स्थापित भइदिन्छ र त्यो शब्दले समाजमा आफ्नो अस्तित्व जोगाइराख्न सक्दैन अनि त्यही अर्थको शब्द पुनः प्रयोग गर्नुपर्दा त्यो बाहेक अन्य शब्दको खोजी गर्नुपर्ने हुन्छ । अहिले मेरिटोक्रेसी शब्द यही फन्दामा परेको छ । त्रिभुवन विश्वविद्यालयको उपकुलपति छनोट गर्ने बेला थियो, त्यतिबेला नेपाली कांग्रेसका महामन्त्री गगन थापाले प्रधानमन्त्रीलाई भेट गरी विश्वविद्यालय सुधार गर्न अनुरोध गर्दा प्रधानमन्त्री त्यस विषयमा दृढ संकल्पित भएको समाचार आयो जसले सर्वत्र खुसीसमेत छायो किनकि तत्कालीन प्रधानमन्त्री एवं विश्वविद्यालयको कुलपति पुष्पकमल दहालले विश्वविद्यालयको उपकुलपति मेरिटोक्रेसीको आधारमा मात्रै हुन्छ भन्ने वचन दिए । यो वचन अति कर्णप्रिय पनि भयो किनभने समस्यै समस्याले थला परेको विश्वविद्यालयको समस्या समाधान गर्न नेतृत्व तयार भएछ भन्ने अनुमान सबैले गरे । विश्वविद्यालयमा मेरिटोक्रेसीले त्यतिबेला प्रवेश पायो जब विश्वविद्यालयका सबैजसो शैक्षिक, प्रशासनिक, आर्थिक, भौतिक पक्षहरू कमजोर हुन थाले र विश्वविद्यालयको गुणस्तर कमजोर बन्दै विद्यार्थी संख्या न्यून हुँदै जाने अवस्था सिर्जना हुन थाल्यो, सरोकार बालाहरूको ज्यादा चिन्ता र चासो बढ््न थाल्यो, विश्वविद्यालयमा राजनैतिक दलहरूको ज्यादा हस्तक्षेपको सर्वत्र महसुस गर्न थालियो र त्यसैलाई कभरेज गरेर नेपाली मिडियाहरूले समाचार लेख्न थाले । नेपालका विश्वविद्यालयहरूमा मेरिटोक्रेसी शब्दले प्रवेश पाएपछि सबैभन्दा पहिले त्रिभुवन विश्वविद्यालय उपकुलपति छनोट तथा सिफारिस समिति गठन गरियो । सिफारिस समिति गठन गर्दैमा ख्याल गरियो कि निर्देशन दिएअनुसारको आफ्नो (तोकिएको) मान्छे छनोट हुन सक्छ वा सक्दैन ? समितिले तोकिएकोलाई बोक्ने र बोकेकोलाई छेक्नेलाई रोक्ने गरी निर्देशानुसारको कार्यविधि तयार गयो । तयार गरिएको कार्यविधिमा तोकिएको आफ्नो व्यक्तिको नम्बरको हिसाब निश्चित गरियो कि अब तोकिएको सोही व्यक्ति सिफारिस गर्न सकिन्छ । सिफारिस समितिलाई तोकिएकै उद्देश्य पूरा गर्न सोहीअनुसारका सहयोगी विज्ञ समूह तयार गरियो । आदेशअनुसार विज्ञ समूहले नम्बर चढायो र सोही आधारमा तीन जनाको नाम सिफारिस गरियो र भनियो मेरिटोक्रेसी । नेकपा माओवादीको नेतृत्वमा नेपाली कांग्रेसलगायतका पार्टीहरूको गठबन्धन सरकारको पालामा जसपाका अशोक राई शिक्षामन्त्री हुँदा विश्वविद्यालयमा त्यतिबेलै प्रवेश पाएको थियो मेरिटोक्रेसीले । त्यतिबेला मेरिटोक्रेसीको दोस्रो नम्बरमा रहेका हालका उपकुलपति केशरजंग बराल त्रिविमा उपकुलपति नियुक्त भए । त्रिविमा पहिलोपटक मेरिटोक्रेसीको जन्म गराइयो र भनियो विश्वविद्यालयलाई राजनैतिक दलबाट मुक्त गराउनुपर्छ । राजनैतिक दलबाट मुक्त गराउने नाराको प्रपञ्चमा पार्टीकै अत्यन्त वफादार कार्यकर्ता मेरिटोक्रेसीकै नाममा नियुक्त गरियो र जन्मदै मेरिटोक्रेसीलाई बदनाम गरियो । मेरिटोक्रेसीको अभ्यास गर्ने पालो अब पूर्वाञ्चल, मध्यपश्चिम, कृषि तथा वन, पोखरा र नेपाल संस्कृत विश्वविद्यालय बन्यो । त्यसमध्ये कृषि तथा वन, पोखरा र नेपाल संस्कृत विश्वविद्यालयका लागि लगभग एकै समयमा गठन गरिएका यी विश्वविद्यालयहरूका सिफारिस समितिहरूले उपकुलपति सिफारिस गर्नका लागि विश्वविद्यालयहरूमा फरकफरक कार्यविधिहरू तयार गरे जसले सामान्य मानिसले समेत बुझ्ने गरी तोकिएको लाई बोक्ने निश्चितता देखायो । साँच्चिकै विश्वविद्यालयको शैक्षिक प्रशासन बुझेका तथा प्राज्ञिक नेतृत्व दिनसक्ने हिम्मत भएका एवं कार्यकुशलता, योग्यता, दक्षता र क्षमता आफैंमा महसुस गर्नेहरू कार्यविधिमा उल्लेख गरिएको विश्वविद्यालयसम्बन्धी सोचपत्र र कार्ययोजना मेहनतका साथ तयार गर्न लागे भने आफ्नो योग्यता, दक्षता र क्षमतामै विश्वास नभएका चतुर खेलाडीहरू उपकुलपतिको पद प्रदान गर्ने शक्ति केन्द्रको ढोकामा निरन्तर धाएर आफ्नो पद कार्यविधि तयार गर्नु पूर्वनै सुरक्षित गरिसकेका थिए । धाएकै व्यक्तिलाई आशीर्वाद पनि प्राप्त हुने नै भयो र उपकुलपतिमा सिफारिस गरी नियुक्त पनि गरियो र फेरि भनियो मेरिटोक्रेसी । विश्वविद्यालयको ऐनअनुसार देशका प्रधानमन्त्री र शिक्षामन्त्री कुलपति र सहकुलपति हुने व्यवस्थाले नेपालका राजनैतिक दलहरूलाई त्यसमा पनि नेकपा माओवादी, नेकपा एमाले र रास्वपालाई यो मेरिटोक्रेसीको प्रवेशले हैरान पारेको छ किनकि मेरिटोक्रेसीलाई बेवास्ता गरौं विश्वविद्यालयमा राजनैतिक हस्तक्षेप भएको देखिने, नगरौं आफ्ना तोकिएका मान्छे ल्याउन अप्ठेरो पर्ने जसका कारणले लोकगाल जोगाउन भए पनि मेरिटोक्रेसीको बर्को ओढ्नै पर्ने बाध्यता भयो । सरकारमा हिम्मत भएन कि विश्वविद्यालयको उपकुलपति विश्वविद्यालयकै ऐनमा टेकेर राम्रो व्यक्तिको सर्च गरी नियुक्त गर्न सकिन्छ । सरकारको दायित्व भनेको विश्वविद्यालयमा स्थापित ऐन र नियमको उपयोग गर्दै तथा आवश्यक परे ऐन नियमहरूमा आवश्यक संशोधन गरेर राम्रा व्यवस्थापकको नियुक्ति गरी नियुक्त पदाधिकारीहरूलाई निगरानीमा राख्दै स्वतन्त्र रूपमा काम गर्ने अवसर प्रदान गर्नु हो भने नियुक्त व्यवस्थापकले समाज, देश र विश्वबजारको परिवर्तित आवश्यकता अध्ययन गरी परिवर्तनको मागसँगै रोजगारमूलक दक्ष तथा प्रतिस्पर्धी जनशक्ति उत्पादन गर्नु तथा विश्वविद्यालयलाई विश्व प्रतिस्पर्धी बनाउनु हो । नेपालमा स्थापित सबैजसो विश्वविद्यालयहरूमा विश्वविद्यालयको उपकुलपति नियुक्तिका लागि कुलपतिले सहकुलपतिको संयोजकत्वमा एउटा सर्च कमिटी गठन गर्ने र सोही कमिटीले सिफारिस गरेका कुनै तीन जनामध्ये एक जनालाई कुलपतिबाट नियुक्त गर्ने व्यवस्था छ । सर्च कमिटीको काम भनेको विश्वविद्यालयको स्थापित उद्देश्यअनुसारको कुशल व्यवस्थापकको खोजी गर्नु हो । कुशल व्यवस्थापक भनेको शैक्षिक योग्यता, सिर्जनशीलता, कार्यकुशलता, निर्णयक्षमता, अनुभवी एवं उच्च नैतिक चरित्र बोकेको कठोर संकल्पका साथ उद्देश्यमा प्रतिबद्ध व्यक्ति हो । साँच्चिकै मेरिटोक्रेसीको मर्मअनुसार नै उल्लेखित योग्यता भएको व्यक्ति छनोट गर्न चाहने हो भने सोही अनुसारको योग्यता भएको छनोट कमिटी पनि आवश्यक हुन्छ र त्यसले छनोट प्रक्रियाको कार्यविधि बनाएर सही छनोट गर्न सक्छ तर नेपालमा यो प्रक्रिया प्रायः अपारदर्शी हुने गरेको छ । छनोटका मापदण्ड र प्रक्रियाबारे स्पष्ट जानकारी नदिने, आन्तरिक निर्णयहरू सार्वजनिक नगर्ने र गोप्य वार्ता वा सहमतिका आधारमा नियुक्ति गर्ने चलनले योग्यताको मापनलाई प्रभावित बनाएको छ । अब फर्केर हेरौं मेरिटोक्रेसीका आधारमा छनोट भएका भनिएका हालका त्रि विका उपकुलपति के विश्वविद्यालय सञ्चालन गर्न उपयुक्त पात्र भए त ? त्यसपछि छनोट भएका अन्य विश्वविद्यालयका उपकुलपतिहरूको कार्यकुशलता अहिले मापन गर्ने बेला भएको छैन भन्न पाइएला तर उहाँहरूको क्षमता सोही क्षेत्रका जानकारहरूले बुझिसकेका छन्् । त्यसैले नेपालका विश्वविद्यालयहरूमा उपकुलपति नियुक्तिका सन्दर्भमा मेरिटोक्रेसीको दुरुपयोग भयो अनि मेरिटोक्रेसीको नाममा भएका कर्महरू असफल भए । त्यसो भए उपयुक्त विधि के त ? प्रश्न उठने नै भयो । पवित्र विचार बोकेको विश्वविद्यालयको कुलपतिले मेरिटोक्रेसीको नाटक मञ्चनमा सहभागी हुन पर्दैन भन्ने दृष्टान्त पनि नेपालका विश्वविद्यालयभित्रै हेरे पुग्छ । तत्कालीन समयमा त्रिविमा नियुक्त केदारभक्त माथेमा, काठमाडौं विश्वविद्यालयमा नियुक्त सुरेशराज शर्मा र नेपाल संस्कृत विश्वविद्यालयमा नियुक्त माधवराज गौतम यी विश्वविद्यालयहरूलाई एउटा उचाइमा पुयाएका कारण धेरैले उहाँहरूलाई उदाहरणीय उपकुलपतिका रूपमा नाम लिने गर्छन्् र तत्कालीन कुलपति गिरिजाप्रसाद कोइरालालाई यो विषयमा सम्झिरहन्छन्् । ती सबै उपकुलपतिहरू अहिलेको जस्तो मेरिटोक्रेसीको आधारमा नभई सर्च कमिटीले सर्च गरेका वा अनुरोध गरिएका व्यक्तित्व थिए । त्यसैले विश्वविद्यालय ऐनमा उल्लेखित सर्च कमिटीले अहिलेजस्तो मेरिटोक्रेसीको असफल कार्यविधि बनाएर प्राध्यापकहरूलाई लामबद्ध गराउन आवश्यक देखिँदैन ।"
"जिउँदो मासु","दुई हप्ताअगाडि सुपर्णखाको घर पुग्दा उनीसँग भेट भएको थिएन । उनको चिठी लिएर म फर्केको थिएँ । चिठीले मलाई तत्काल क्रोध र आश्चर्यले गाँजे पनि उनको अबको अरू पनि प्रतिक्रिया छ कि भनेर बुझ्न आज जाने सोच्दै थिएँ, उनी नै टुप्लुक्किए । पहिलेको कुरा बिर्सिए झैं गरी मैले उनलाई स्वागत गरें । चियाको सुर्को नसकिउञ्जेल सामान्य कुरा मात्र भयो । राष्ट्र सञ्चालनका लागि अर्थको व्यवस्था मिलाउने अर्का जमातका मेरा मित्रहरूले गरिआएकै थिए । तर यसपालि मैले अलि फरक ढंगले गर्ने सोचेको छु । अब त मेरो कामबाट यिनी पक्कै प्रभावित हुन्छन्, मेरो प्रशंसा नगरी बस्न सक्दैनन् भनेर भन्न थालें, हेर, तिमीलाई शायद त्यसको हेक्का छैन क्या र । हेक्का भएको भए प्रशंसा गरिसक्थ्यौ । प्रशंसा नगरी सुख्खै छैन । मैले गरेको उपलब्धिमूलक कुराको विषयमा किन चासो राख्थ्यौ र ! प्रशंसा गर्न भनेपछि तिमी कति कञ्जुस छौ, हगि ? मेरो कुराले उनलाई राम्रै घोचेछ क्या र । भने, त्यसो नभन, मित्र । म आलोचनाभन्दा प्रशंसा गर्न बढी मन पराउँछु । तर प्रशंसा गर्ने काम हुनुपर्यो नि त । मैले मुस्कुराउँदै गमम्क परेर भनें, हेर, आयस्रोतको एउटा नयाँ तरिका विप्रेषणको मैले केही वर्षदेखि प्रयोगमा ल्याएर देशमा एउटा ठूलो रकम संकलन गरिरहेको छु । अर्कै जमातका मेरा साथीहरूले मैले जति विस्तारपूर्वक गर्न सकेका थिएनन् । सकेसम्म यसको बढीभन्दा बढी प्रयोगमा म तल्लीन छु । यही विस्तार बढीभन्दा बढी गर्दै जाने नै मेरो तरिका हो । मैले यस्तो बढाइदिएँ कि अहिले मलाई आनन्द भएको छ । यस्तो राम्रो कामका लागि यसपाला त मेरो प्रशंसा गर्छौ होला नि । अलि मुस्कुराउँदै उनले भने, मित्र, तिमीले देशमा उद्योगधन्दा, कलकारखानाको विस्तार गरेको भए अवश्य पनि म प्रशंसा गर्थें । तिमीलाई खुसीले अँगालो हाल्थें । भएका उद्योग सबै तहसनहस गर्यौं । पद र पैसाको लालच गरेर तिम्रा र अरू तिमी जस्तै जमातहरू मिलेर विदेशीलाई रिझायौ, आफ्नै जनता बिर्सियौ । पहिला खाद्यान्नलगायत कतिपय कुरा निर्यात गर्ने हाम्रो देशलाई हरेक कुरामा आयात गर्ने देशमा परिणत गर्यौ । राष्ट्रलाई आयात निर्भर बनायौ । विदेशीकै कठपुतली बनेर, उनमाथि देशलाई निर्भर बनाउन कृषिजन्य भूमिलाई टुक्राटुक्रा पारेर निवास उमार्ने बनायौ र अझै बनाउँदैछौ । अनि तिमीलाई कसरी प्रशंसा गर्ने ? कुन चाहिँ राम्रो काम गरेका छौ र प्रशंसा गर्ने ? मैले प्रशंसा पाउन जुन कुरा गरेको थिएँ, त्यसको कुनै मतलब नै नगरी अप्रासंगिक कुरा उठाएर बिनासित्तिमा अन्तै कुरा मोडेर कहाँ छिद्र भेटिन्छ भन्दै अनुसन्धान गर्ने यी छिद्रान्वेषी मित्रलाई के भनुँ ! मेरा मनमा उनीप्रति वितृष्णा उठ्न खोजिसकेको थियो । जे भए पनि बालसखा हुन् भनेर उठ्न खोजेको वितृष्णालाई मैले दबाइदिएँ र भनें, ल भैगो, त्यो कुरा छोड । मैले अघि भनेको कुरामा त तिमीले प्रशंसा नगरी धरै पाउँदैनौ । देशमा विदेशी मुद्रा भित्र्याउने कम्ता ठूलो काम गर्या हो मैले ? त्यसले गर्दा देशमा रोजगार सिर्जना गर्नै परेन । विदेशी मुद्राको अभाव पनि भएन । सुपर्णखा पडकए, खुब राम्रो काम गर्यौ । रोजगार सिर्जनाको सोचको विकल्प युवा शक्तिको निर्यात हो ? विदेशी मुद्रा कमाउने भाँडो युवाशक्तिको बिक्री हो ? युवाशक्ति भनेको सिर्जनाको मुहान हो, बुद्धि, जाँगर, क्षमता र विकासको भण्डार हो । देश विकासका लागि तिनको संरक्षण र यथोचित प्रोत्साहन अनिवार्य हुन्छ भविष्यका सन्ततिका उज्ज्वल मार्ग निर्माणका लागि पनि । त्यस्तो अमूल्य मानव श्रम, शक्तिको दुरुपयोग गरेर तिमी कसरी प्रशंसा खोज्न सक्छौ र म कसरी प्रशंसा गर्न सक्छु ? मेरो पनि झोक बोल्यो यसपालि, जे होस्, विदेशी मुद्रा त आर्जन भएकै छ नि । यो कम्ता उपलब्धिमूलक कुरा हो ?मेरो कुरा सकिन नपाउँदै उनी कडकए, जे गरेर भए पनि विदेशी मुद्रा कमाउनु नै उपलब्धि मान्ने हो भने तस्करी गर न, अवैध सामग्रीको भण्डार थुपारेर त्यसैको निर्यात गर न, झन् धेरै विदेशी मुद्रा आर्जन हुन्छ । समाजको जिम्मा लिएर बसेको मान्छेले त्यस्तो नीच कुरा गर्न सुहाउँछ ? संयमित हुँदै मैले गुनासो गरें, मेरो जे कुरामा पनि तिमी खोट मात्र देख्छौ, कहिले सकारात्मक कुरा देख्दैनौ । उनी पनि यसपाली स्वाभाविक मुद्रामा आए, हेर, शेक्सपियरको द मर्चेन्ट अफ भेनिस किताब त पढेकै हांै नि हामीले ।मैले हत्तरपत्त बोली हालें, त्यो त हाम्रो कोर्समै थियो नि । उनी गम्किएर बोले, हो, त्यसको एउटा क्रूर पात्र थियो नि साइलक भन्ने । त्यसले रकम उठाउन एकजना मान्छेको एक पाउन्ड मासुमा मात्र दाबी गरेको थियो । तिमीहरूले त लाखौं मानिसको सिंगो शरीरमाथि दाबी गरेर मोलमोलाई गरिरहेछौ रकम उठाउन त्यो पनि आफ्नो मोजमज्जाका लागि । आफ्नो अस्तित्व र अधिकार अक्षुष्ण राख्नका लागि । केही समयअगाडि तिमीजस्तै अर्का जमातकाले बडो गर्व गर्दै बोलेका थिए मैले दुई लाख युवालाई निर्यात गर्ने प्रबन्ध मिलाएर आएको छु विदेशको एउटा मुलुकमा । बुचडले पनि मान्छेको मासु बेच्दैन । उसको पनि एउटा अनुशासन हुन्छ, विवेक हुन्छ । तिमीजस्ता विभिन्न जमातका मान्छेको त न अनुशासन छ, न विवेक । मान्छेको मोलमोलाइ गर्दै अरूलाई सुम्पिएर अकुत सम्पत्ति थुपार्न पाए मक्ख, मर्नु पर्दैन ? इतिहासले कति धिक्कार्ला तिमीहरूलाई । म क्रोधले गर्जिन खोज्दैथिएँ, उनले हत्तपत्त बाटो तताइहाले ।"
"""विकास भित्रिँदै","गाउँ रित्तिँदै"",""ग्रामीण क्षेत्रमा पुगेका पूर्वाधारहरूको अधिकतम उपयोग गर्दै मुलुकको चौतर्फी विकासमा टेवा पुर्याउनुपर्ने देखिन्छ । नेपाल गाउँ नै गाउँले भरिएको मुलुकका नामले परिचित छ । यसैकारण अधिकांश नागरिक ग्रामीण क्षेत्रमै बसोबास गर्ने अनुमान लगाउन सकिन्छ । करिब एक दशक अघिसम्मका तथ्यांकहरूले यसलाई पुष्टिसमेत गरेको देखिन्छ । २०६८ सालको जनगणनामा देशको कुल जनसंख्याको १७०७ प्रतिशत जनसंख्या सहरमा बस्ने गरेकोमा ग्रामीण जनसंख्या झन्डै ८३ प्रतिशत रहेको तथ्यांक छ । तथापि, पछिल्लो १० वर्षको अवधिमा यो तथ्यांकमा ठूलो फेरबदल आएको छ । २०७८ को जनगणनाअनुसार नेपालको जनसंख्या २ करोड ९१ लाख ६४ हजार ५ सय ७८ छ । ६६२ प्रतिशत (१ करोड ९२ लाख ९१ हजार ३१) नगरपालिकामा बस्छन् भने बाँकी ३३९२ प्रतिशत (९९ लाख १ हजार ४ सय ९) गाउँपालिकामा । यो तथ्यले प्रत्येक ३ नेपालीमा २ जना नगरपालिकामा क्षेत्रमा बसोबास गर्ने गरेको देखाउँछ । यो जनगणनाले ग्रामीण र सहरी जनसंख्या भनेर स्पष्ट विभाजन गरेको छैन । तर, पनि स्थानीय तहको पुनर्संरचनाअनुसार महानगर र उपमहानगरसहित २ सय ९३ नगरपालिकामा बस्ने जनसंख्यालाई सहरी क्षेत्रको जनसंख्या र ४ सय ६० गाउँपालिकामा बस्ने जनसंख्यालाई ग्रामीण जनसंख्याका रूपमा व्याख्या गरिएको छ । त्यसैले सहर र ग्रामीण क्षेत्रभन्दा फरक नपर्ने देखिन्छ । नेपालमा बसाइँसराइ तीव्र गतिमा छ । विगतमा गाउँमा भौतिक एवं सामाजिक पूर्वाधारको कमी भएको भन्दै मानिस सहरतर्फ बसाइँसराइ गर्ने गरेको देखिन्थ्यो । आधुनिक सेवासुविधा खोज्दै सहरबजारमा बसाइँ सर्नेहरूको लर्काे नै लागेको थियो । तथापि, पछिल्लो समय गाउँहरूमा बाटोघाटो, स्कुल, बोर्डिङ, स्वास्थ्य संस्था, खानेपानीलगायतका सेवासुविधा पुग्दापुग्दै पनि बसाइँसराइ भने रोकिएको छैन । युवा शिक्षा, रोजगारी एवं व्यापार व्यवसायका लागि भन्दै गाउँ छोड्ने क्रम बढ्दै जाँदा गाउँमा युवा देखिन छाडेका छन् । वैदेशिक रोजगारका लागि बिदेसिएका परिवारमा समेत वृद्धवृद्धाको मात्र बाहुल्य देखिन्छ । परिवारका सदस्य सन्तानको शिक्षा, स्वास्थ्यका लागि भनेर सहरमा पसेका छन् । गाउँहरू रित्तिँदै गएका छन् । जनशक्ति अभावका कारण खेतीयोग्य भूमि बाँझो छन् । गाउँका अधिकांश घर खाली छन् । राष्ट्रिय तथ्यांक कार्यालयका अनुसार पछिल्लो जनगणनामा पाँच लाख बस्न योग्य घरमा मानिस बसोबास गर्दैनन् । २०७८ अनुसार पछिल्लोपटक देशभित्रै बसाइँ सर्ने कुल जनसंख्या ९३ लाख ४१ हजार ४ सय ८ छ । नागरिक अर्काे ठाउँमा बसाइँ सर्नुका प्रमुख १० कारण रहेको जनगणनाको नतिजाले देखाउँछ । यसमा सबैभन्दा प्रमुख कारण विवाह देखिन्छ । बसाइँसराइ गरेका कुल जनसंख्यामध्ये ३८२ प्रतिशतले विवाहका कारण बसाइँ सरेका छन् । यस्तै, काम खोज्दै बसाइँ सर्ने १५२ प्रतिशत, व्यापार व्यवसायका सिलसिलामा २८ प्रतिशत, अध्ययन र तालिमका सिलसिलामा ७८ प्रतिशत, आश्रित १९५ प्रतिशत, प्राकृतिक प्रकोप ०७ प्रतिशत, कृषि ३९ प्रतिशत, घर फर्किएको ४१ प्रतिशत र अन्य ६६ प्रतिशत छन् । यसरी बसाइँ सरेका अधिकांश मानिस ग्रामीण क्षेत्रबाट सहरी क्षेत्रमा पसेका छन् । यसैकारण सहरी क्षेत्र बाक्लो हुँदै गएको छ भने गाउँ पातलिँदै गएको देखिन्छ । बसाइँसराइ एक नियमित र निरन्तर प्रक्रिया भए पनि जनसंख्याको असमान वितरणले मुलुकको सामाजिक, राजनीतिक एवं आर्थिक क्षेत्रमा गम्भीर प्रभाव पार्ने देखिन्छ । मुलुकमा संघीय व्यवस्था कार्यान्वयनमा आएसँगै गाउँगाउँमा सिंहदरबार र विकासका पूर्वाधारहरूको पहुँच पुर्याउने सरकारको योजनाले गति लिन थालेको छ । अहिले स्थानीय तहमै सरकारका तीनवटै अंग कार्यपालिका, न्यायपालिका र व्यवस्थापिका क्रियाशील देखिएका छन् । स्थानीय निकायबीच भौतिक एवं सामाजिक पूर्वाधारहरूको विकासमा प्रतिस्पर्धा नै चलेको देखिन्छ । यसैकारण गाउँहरू सडक सञ्जालमा जोडिँदै गएका छन् । मुलुकको जनसंख्याको वितरण सन्तुलित हुन आवश्यक छ । गाउँ र सहरी क्षेत्रमा विकास र अवसरको समान वितरणले मात्र यो सम्भव हुन सक्छ । मुलुकमा विकेन्द्रीकरणको अवधारणा अगाडि बढे पनि मूर्तरूप पाएको देखिँदैन । गाउँगाउँमा बाटो पुगेको छ, विद्यालय भवनहरू निर्माण भएका छन् । घरघरमा खानेपानीका धारा पुगेका छन् । सडकमा विद्युत्का पोलहरू छन् । हरेक वडामा स्वास्थ्य संस्थाबाट निःशुल्क आधारभूत स्वास्थ्य सेवा प्रदान गरेका छन् । कृषि, पशुपालन तथा लघुउद्यमसँग सम्बन्धित परियोजना सुरु भएका छन् । यी परियोजना हेर्दा राज्यको ढुकुटीबाट ठूलो धनराशि लगानी भएको अनुमान लगाउन सकिन्छ । तर, विडम्बना नै भन्नुपर्छ, यी विकासका पूर्वाधारहरूको उपभोग गर्ने उपभोक्ता भने दिन प्रतिदिन घट्दै गएका छन् । यसरी ग्रामीण जनसंख्या घट्दै जाँदा राज्यले गरेको लगानीअनुसारको परिणाम नआउने भन्दै चौतर्फी चिन्ता व्यक्त गर्न थालिएको छ । मुलुकको भौगोलिक विविधताले निम्त्याएको आर्थिक एवं सामाजिक असमानतालाई चिर्ने उद्देश्यले सरकारले विभिन्न राष्ट्रिय गौरवका आयोजनाहरूसमेत अगाडि सारेको देखिन्छ । राष्ट्रिय गौरवका रूपमा रहेको पुष्पलाल मध्यपहाडी राजमार्गले नेपालका हिमाल र पहाडदेखि तराईको भूभागलाई सडकमार्ग जोड्न महत्त्वपूर्ण हुने विश्वास गरिएको छ । पहाडलाई तराईसम्म र गाउँलाई सहरसम्म जोड्ने उद्देश्यका साथ स्थानीयको सहजताका लागि मध्यपहाडी लोकमार्गको समेत निर्माण थालिएको छ । निर्माणाधीन कालीगण्डकी, मादीमस्र्याङ्दी करिडोरहरूले गाउँगाउँमा पुलपुलेसा, सडक सञ्जाल र भौतिक पूर्वाधार निर्माण गरिरहेछन् । यसका बावजुद गाउँघरमा बसोबास पातलिँदै गएको छ । पछिल्लो समय गाउँमा विकास भित्रिँदै गए पनि त्यसले आमनागरिकलाई आकर्षित गर्न सकेको छैन । विकासको निरन्तर प्रयासका बावजुद ग्रामीण क्षेत्रमा बेरोजगारी तथा गरिबीको दर घट्न सकेको छैन । दैनिकी चलाउनसमेत मुस्किल भएपछि कोही बिदेसिन बाध्य देखिन्छन् भने कोही सहर पस्छन् । शिक्षा, स्वास्थ्यसँग सम्बन्धित सेवासमेत सहरी क्षेत्रको तुलनामा प्रतिस्पर्धी बन्न सकेका छैनन् । दक्ष स्वास्थ्य जनशक्ति तथा आधुनिक उपकरणको अभाव छ । अझै पनि ग्रामीण क्षेत्रका अधिकांश मानिस कृषिमा निर्भर छन् । कृषिको आधुनिकीकरण र व्यवसायीकरण हुन नसक्दा जीवन निर्वाह खेती प्रणाली नै प्रचलित देखिन्छ । यसैकारण लामो समयदेखि उनीहरूको जीवनस्तरमा सुधार आउन सकेको छैन । बजारमा महँगी दिनप्रतिदिन बढ्दो छ तर आम्दानीका स्रोतहरू खुम्चिँदै गएका छन् । बसाइँसराइलाई विकल्प बनाउने मूल कारण यही हो । राष्ट्रिय तथ्यांक कार्यालयले गरेको कृषि गणनाअन्तर्गत सामुदायिक प्रतिवेदनले समेत नेपालको कृषि र पशुपन्छी क्षेत्रको प्रमुख समस्याका रूपमा जंगली जनावरहरूको आतंकलाई औंल्याएको छ । यसले पनि बसाइँसराइ बाध्यता बनिरहेछ । कृषि तथा पशुपन्छी विकास मन्त्रालयका अनुसार मुलुकभर ४१ लाख २१ हजार हेक्टर खेतीयोग्य जमिन छ । त्यसमध्ये ३० लाख ९१ हजार हेक्टरमा खेती भएको छ भने १० लाख ३० हजार हेक्टर जमिन बाँझो छ । त्यसैले हरेक वर्ष कृषिजन्य वस्तुको आयात बढ्दो छ । सरकारले बनाउने हरेक योजना तथा कार्यक्रमहरूमा कृषिलाई प्राथमिकताका साथ अगाडि ल्याए पनि अपेक्षित लाभ लिन सकेको देखिँदैन । युवा केन्द्रित कृषिमा उद्यमशीलताका अवसरहरूको विकास गर्न सके एकातर्फ यहाँ विद्यमान बेरोजगारीको समस्या न्यून गर्न सकिन्छ भने निर्यातमुखी अर्थतन्त्रलाई प्रतिस्थापन गर्न समेत सहयोग पुग्ने देखिन्छ । ग्रामीण क्षेत्रमा पुगेका पूर्वाधारहरूको अधिकतम उपयोग गर्दै मुलुकको चौतर्फी विकासमा टेवा पुर्याउनुपर्ने देखिन्छ । यसका लागि मुलुकको जनसंख्याको वितरण सन्तुलित हुन आवश्यक छ । गाउँ र सहरी क्षेत्रमा विकास र अवसरको समान वितरणले मात्र यो सम्भव हुनसक्छ । मुलुकमा विकेन्द्रीकरणको अवधारणा अगाडि बढे पनि मूर्तरूप पाएको देखिँदैन । अझै पनि उद्योग, कलकारखाना, विश्वविद्यालय, ठूला अस्पताल, वित्तीय संस्थाहरू सहर केन्द्रित नै छन् । यसैकारण रोजगारीका अवसरहरू पनि सहर केन्द्रित छन् । नागरिक गाउँमै बस्ने वातावरणको सिर्जना गर्न सर्वप्रथम आम्दानीका स्रोतहरू बढाउनुपर्छ ।"""
"चुलाचुली झापा र तीनपोखरी फाइनलमा भिड्ने","खाँदबारी : सङ्खुवासभाको खाँदबारीमा जारी तीनपोखरी कप आमन्त्रित पुरुष फुटबल प्रतियोगिताको फाइनलमा चुलाचुली स्पोर्टिङ क्लब झापा र आयोजक तीनपोखरी समाज विकास क्लब खाँदबारी भिड्ने भएका छन् । सोमबार भएको खेलमा एपिएफ फुटबल क्लब पकली कोशी प्रदेशलाई पराजित गर्दै चुलाचुली फाइनलमा प्रवेश गरेको छ । गत वर्षको विजेता एपिएफ ४२ गोल अन्तरले चुलाचुलीसँग पराजित भएको हो । निर्धारित समयमा दुवै टिमले गोल गर्न नसकेपछि टाईब्रेकरमा चुलाचुलीले ४ गोल गर्दै विजयी भएको छ । बुल्स११ फुटबल क्लब मोरङलाई हराउँदै फाइनलमा प्रवेश गरेको आयोजक तीनपोखरी चुलाचुली सँग प्रतिस्पर्धा गर्नेछ । प्रतियोगिताको विजेताले ट्रफीसहित नगद दुई लाख २५ हजार रुपैयाँ प्राप्त गर्ने छ भने उपविजेताले नगद एक लाख १० हजार रुपैयाँ प्राप्त गर्ने छ । प्रथम तीनपोखरी कपको उपाधि जितेको एपिएफ यस पटक सेमिफाइनलिस्टमा चित्त बुझाएको छ । आयोजकसँग पराजित बुल्स११ फुटबल क्लब मोरङ पनि सेमिफाइनलिस्ट भएको छ । ""२ करोड कृषकलाई १ खर्ब बढी अनुदान, किन बढेन कृषिको उत्पादन ?"",""काठमाडौं : सरकारले बर्सेनि करोडौं रुपैयाँ किसानलाई अनुदान बाँड्छ । ५ वर्षयता मात्रै एक खर्ब बढी अनुदान बाँडिएको सरकारी तथ्यांक छ । तर, सरकारी खर्चअनुसार कृषि उत्पादनमा प्रभाव नदेखिएको टिप्पणी हुने गर्थे । सरकारकै अध्ययन प्रतिवेदनले पनि त्यसको पुष्टि गरेको छ । कृषिमन्त्री रामनाथ अधिकारीले अनुदान लिने कृषि सहकारी, कृषि समूह तथा कृषि फर्मको तथ्यांक आइतबार सार्वजनिक गरेका हुन् । मन्त्रालयका सचिव डा गोविन्दप्रसाद शर्मा राज्यले कृषि क्षेत्रमा दिएको अनुदान छरपष्ट भएकाले सोचेजस्तो उपलब्धि हासिल नभएको स्विकार गर्छन् । राज्यले कृषिका निकायलाई एउटै बनाउनुपथ्र्यो । यस्तो भएन, सचिव शर्मा भन्छन्, कृषिका निकायहरू बाँडिए । स्थानीय तहमा गए, त्यहाँ प्राविधिक छैनन् । जनप्रतिनिधिलाई जिम्मेवार बनाइएको छ, तर त्यहाँ आफ्ना मान्छे भन्न थालियो । प्रदेश तहमा पनि स्थापित छैनन् । संघले नै प्राविधिक पक्षमा गाइड गर्नुपर्ने अवस्था छ । मन्त्रालयबाट ५ वर्षमा १ खर्ब ७ अर्ब ६६ करोड २७ लाख ८९ हजार रकम अनुदान बाँडिएको तथ्यांकमा उल्लेख छ । १ करोड ९६ लाख कृषक त्यसबाट लाभान्वित भएको मन्त्रालयले जनाएको छ । उक्त तथ्यांकमा प्रदेश र स्थानीय सरकारबाट वितरण गरिएका अनुदान रकम उल्लेख छैनन् । त्यसकारण प्रदेश र स्थानीय तहबाट भइरहेको अनुदान वितरणलाई समेट्ने हो भने ठूलै रकम कृषि अनुदानमा गएको छ । मन्त्रालयले रासायनिक मलमा अनुदान दिन्छ । मल अनुदान लिने किसानहरू दोहोरिन सक्ने मन्त्रालयको भनाइ छ । कृषि तथा पशुपन्छी विकासमन्त्री रामनाथ अधिकारीले आर्थिक वर्ष २०७६७७ देखि २०८०८१ सम्म कृषि तथा पशुपन्छी विकास मन्त्रालयबाट अनुदान लिने कृषि सहकारी, कृषि समूह तथा कृषि फर्मको तथ्यांक सार्वजनिक गरेका हुन् । अनुदानबारे अध्ययन गर्न गठित समितिले कृषि उत्पादनउत्पादकत्व वृद्धि गर्न कृषिपशुपन्छी क्षेत्रमा खर्चिएको अनुदानबाट अपेक्षकृत उपलब्धि नभएको निष्कर्ष निकालेको छ । रासायनिक मल, बाली तथा पशुधन बिमा, उखु उत्पादनमा प्रोत्साहन अनुदान, साना सिँचाइ, बजार पूर्वाधार, कृषि औजार उपकरण, बीउ उत्पादन, उत्पादन र उत्पादकत्व शीर्षकमा मन्त्रालयले अनुदान वितरण गरिरहेको छ । यसका लागि ठूलो रकम अनुदान प्रवाह भएको देखिन्छ । तथापि अपेक्षाकृत उपलब्धि भने हुन सकेको देखिँदैन, प्रतिवेदनको निष्कर्ष छ । केसीको संयोजकत्वमा समिति गठन कात्तिक २ गते समिति गठन भएको थियो । समितिलाई अनुदानग्राहीहरूको विवरण तयार गरी सार्वजनिकीकरण गर्न उद्देश्यले प्रतिवेदन बनाउने जिम्मा दिइएको थियो । मन्त्रालयका सहसचिव डा हरिबहादुर केसीको संयोजकत्वमा प्रधानमन्त्री कृषि आधुनिकीकरण परियोजनाका वरिष्ठ अनुगमन तथा मूल्यांकन अधिकृत हिक्मतकुमार श्रेष्ठ, कृषि विभागका वरिष्ठ कृषि अर्थ विज्ञ तिलकराज चौलागार्इं, पशु सेवा विभागका वरिष्ठ पशु विकास अधिकृत डा सुधीर सिंह र सदस्यसचिव कृषि तथा पशुपन्छी विकास मन्त्रालयका वरिष्ठ कृषि अर्थ विज्ञ लालकुमार श्रेष्ठ समिति गठन भएको थियो । दोहोरिएका लाभग्राही मुलुकको झन्डै ३ करोड जनसंख्या छ । बर्सेनि ५० लाख अनुदान बाँड्दा ५ वर्षमा करिब २ करोडले अनुदान पाउनुपर्ने हो । तर, त्यसअनुसार अनुदान पाउनेको संख्या छैन । त्यसैकारण अनुदान पाउने कृषक दोहोरिएको यसबाट पुष्टि हुन्छ । राष्ट्रिय तथ्यांक कार्यालयको विवरणअनुसार मुलुकको कुल जनसंख्याको करिब ६० प्रतिशत संख्या कृषि क्षेत्रमा आत्मनिर्भर छ । कुल गार्हस्थ्य उत्पादन (जीडीपी) मा कृषि क्षेत्रको योगदान २४५ प्रतिशत छ । जबकी गैरकृषि क्षेत्रको हिस्सा ७५५ प्रतिशत पुगेको छ । अघिल्लो पटक जीडीपीमा कृषिको हिस्सा साढे २५ प्रतिशत हाराहारी थियो । यसअनुरूप बर्सेनि कृषि क्षेत्रको योगदान भने घट्दै गएको छ । मन्त्रालयको अध्ययन समितिको निष्कर्ष पनि अपेक्षाअनुसार उपलब्धि हासिल नभएको उल्लेख छ । मन्त्रालयका सचिव डा गोविन्दप्रसाद शर्मा राज्यले कृषि क्षेत्रमा दिएको अनुदान छरपष्ट भएकाले सोचेजस्तो उपलब्धि हासिल नभएको स्विकार गर्छन् । पहिला कृषि क्षेत्रमा थोरै बजेटमा पनि काम हुन्थे, सचिव शर्मा भन्छन्, अहिले बजेट वृद्धि हुँदा पनि कृषिमा प्राविधिक जनशक्ति छैन । त्यसैकारण समस्या आएका हुन् । उनका अनुसार फार्म केन्द्रित उत्पादन अनुदानमा कतिपय व्यावसायिक किसानले प्राविधिक पक्षको व्यवस्थापन पनि गर्न सकेनन् । यसले गर्दा किसानको आफ्नो लगानी पनि डुबेको छ, उनी भन्छन्, त्यसैकारण अनुदानको उपलब्धि पनि नदेखिएको हो । पछिल्लो समय सहरीकरणका कारण समग्र कृषि उत्पादन गर्ने क्षेत्रफल घटिरहेकाले उत्पादकत्व प्रभावित भएको हो । नीति अनुसन्धान प्रतिष्ठानले प्रधानमन्त्री आधुनिक कृषि परियोजनाअन्तर्गत जोन र सुपर जोनमा उत्पादन भएकाबारे अध्ययन गरेको थियो । जसमा ५ अर्ब बढी लगानी गर्दा १७ अर्ब बराबर कृषि उत्पादन भएको प्रतिवेदन सार्वजनिक गरेको थियो । यस्तै, कृषि गणना २०७८ ले कृषिमा नाफामूलक व्यवसाय टिकेको अर्थात् बढ्दै गएको र कोदो, गहुँ, जौजस्ता उत्पादन व्यवसायीकरण नहुँदा परम्परागत उत्पादन घटेको उल्लेख गरेको थियो । मन्त्रालयको प्रतिवेदनको मुख्य उद्देश्य नै अनुदान कति वितरण भयो भन्ने तथ्यांक निकालिएको हो, सचिव शर्माले भने, अनुदानको दुरुपयोगबारे अख्तियार लगायतकाले छुट्टै अनुसन्धान गर्ने भएकाले यसमा बोल्ने कुरा भएन । प्राकृतिक विपद्, घरपरिवारको मृत्युका कारणले गर्दा पूर्ण हुन नसकेका कारण पनि छन् । यसलाई अनुदानको दुरुपयोग भन्न मिल्दैन । कुन शीर्षकमा कति अनुदान ? मन्त्रालयको प्रतिवेदनअनुसार आव ०७६७७ देखि आव ०७९८० सम्म अनुदानको रकम क्रमश वृद्धि हुँदै गएको छ । आव ०८०८१ मा आव ०७९८० भन्दा अनुदान रकम घटेको देखिन्छ । आव ०७८७९ मा अनुदानको रकम १९ अर्ब ३४ करोड रुपैयाँ रहेको थियो । रासायनिक मलमा करिब २ गुणाले अनुदान वृद्धि गरिएपछि आव ७९८० मा ३६ अर्ब २ करोड अनुदान गएको थियो । आव ०८०८१ मा घटेर करिब २९ अर्ब ३४ लाख मात्र अनुदान दिइयो । विवरणअनुसार मन्त्रालयबाट वितरण हुने अनुदानमा रासायनिक मलतर्फ नै बढी अनुदान प्रवाह भएको देखिन्छ । यसैगरी, आव ०७६७७ देखि आव ०८०८१ सम्म सरकारी स्रोतबाट वितरीत अनुदानमा उखु कृषकहरूलाई प्रोत्साहन अनुदान वितरण कार्यक्रममा ४ अर्ब ७ करोड २४ लाख २० हजार रुपैयाँ, कृषि, पशुपन्छी तथा मत्स्य बिमातर्फ ५ अर्ब ६४ करोड २९ लाख ४८ हजार रुपैयाँ, प्रधानमन्त्री कृषि आधुनिकीकरण परियोजनाबाट ६ अर्ब ६१ करोड ९५ लाख ३१ हजार रुपैयाँ र रासानिक मलमा अनुदानका लागि ८७ अर्ब ३५ करोड ९७ लाख ७३ हजार रुपैयाँ गरी जम्मा १ खर्ब ३ अर्ब ६९ करोड ४६ लाख रुपैयाँ रकम अनुदान प्रवाह भएको छ । जसमा १ करोड ९४ लाख ८९ हजार २ सय ४१ जना कृषकलाई दिइएको तथ्यांक छ । रासायनिक मलमा अनुदानको हकमा सोही कृषकहरू दोहोरिन सक्ने बताइएको छ । त्यसैगरी वैदेशिक स्रोततर्फ रानी जमरा कुलरिया सिँचाइ आयोजनाबाट १८ करोड ४८ लाख ६१ हजार रुपैयाँ, कृषि क्षेत्र विकास कार्यक्रम बाट ८० करोड १९ लाख ६१ हजार रुपैयाँ, नेपाल लाइभस्टक इनोभेसन आयोजनाबाट १ अर्ब ९२ करोड ७५ लाख १३ हजार रुपैयाँ अनुदान गएको छ । यस्तै, खाद्य तथा पोषण सुरक्षा सुधार आयोजनाबाट १ अर्ब ५ करोड ३७ लाख ७९ हजार रुपैयाँ गरी कुल ३ अर्ब ९६ करोड ८१ लाख १५ हजार रुपैयाँ अनुदान रकम प्रवाह भयो । जम्मा १ लाख ६ लाख ४ सय ७६ कृषकव्यवसायीहरू लाभान्वित भएका छन् । ग्रामीण उद्यम तथा आर्थिक विकास आयोजनामा भने स्टार्टअप ग्रान्टका कार्यक्रमहरू रहेकोमा लाभग्राहि छनौट र अन्य प्रकृयागत ढिलाईका कारण चालु आव ०८१८२ देखि मात्र अनुदान प्रवाह भएको छ । जस्मा हालसम्म १ करोड ६४ लाख ४८ हजार अनुदान रकम प्रवाह भएको विवरण प्राप्त भएको मन्त्रालयले बताएको छ । अनुदान दुरुपयोग गरेको भेटिए कारबाही : मन्त्री अधिकारी कृषि तथा पशुपन्छी विकासमन्त्री अधिकारीले अनुदानको रकम दुरुपयोग भेटिए कारबाही गर्ने बताए । मन्त्रालयको जिम्मेवारी सम्हालेदेखि नै कृषि अनुदानको रकम दुरुपयोग भएको आशंका व्यक्त गर्दै अधिकारीले अनुदान लिनेको नाम सार्वजनिक गर्ने जनाउँदै आएका थिए । सोहीअनुसार मन्त्रालयबाट अनुदान लैजानेहरूको नाम सार्वजनिक गरिएको मन्त्री अधिकारीले बताए । उनले सर्वसाधारण र सञ्चार माध्यमलाई अनुदान रकमको प्रयोगका बारेमा खोज्न र जान्न पनि आग्रह गरे । मन्त्रालयबाट लगिएका र दिइएका अनुदानको अवस्था के कस्तो छ भनेर अध्ययनका लागि हामीले समिति नै गठन गरेर काम सुरु गरिसकेका छौं, उनले भने, कृषि अनुदान लगेर दुरुपयोग गरिएको छ भने कारबाही हुन्छ र हुनुपर्छ । त्यस कार्यमा तपाईंहरूको पनि साथ र सहयोगको अपेक्षा गरेको छु । लोकतान्त्रिक शासन व्यवस्था देश र जनताप्रति उत्तरदायी र जवाफदेही शासन व्यवस्था भएको जनाउँदै कृषिमन्त्री अधिकारीले भने, पारदर्शिताले मात्र यो शासन व्यवस्था र सरकारप्रति जनताको विश्वास तथा भरोसा जागृत हुन्छ । प्रदेश र स्थानीय सरकारलाई पनि कृषि अनुदान लाने संघसंस्था, सहकारी र व्यक्तिको नाम सार्वजनिक गर्न अपिल गर्दछु । मन्त्रालयले सार्वजनिक गरेको सूचीमा प्रदेश र स्थानीय सरकारबाट वितरण गरिएका अनुदान रकम नपर्ने पनि उनले स्ष्ट पारे । वास्तविक किसानले भन्दा अनुदान पाउने हावी कृषिमा जति जनसंख्या आश्रित छ, त्यसको तुलनामा सरकारले दिने बजेट नै कम भएको सरोकारवाला टिप्पणी गर्छन । कृषि क्षेत्रअन्तर्गत पनि उत्पादन क्षेत्रमा जाने अनुदान अत्यन्त कम भएको बताउँछन्, किसान अभियन्ता उद्धव अधिकारी । उनकाअनुसार रासायनिक मल (जुन साना किसानले प्राप्त गर्छन) अनुदान बाहेकका ठूला अनुदानको प्रायः प्रतिफल लगभग शून्य बराबर छ । परियोजनामा आधारित अनुदानको मोडल वास्तविक किसानभन्दा पनि अनुदान पाउनका लागि किसान बनेकाहरूले पाउने खालको व्यवस्था हुन गयो, उनी भन्छन्, यसकारण सरकारले सुरुमा यसबारे आत्म आलोचना गर्नुपर्छ । यस्तो खाले गलत व्यवस्थाको जिम्मेवारी पदमा भएका वा अवकास भैसकेका पात्रहरूले पनि लिनुपर्छ । यस्तो खाले मोडलले कृषि क्षेत्रको विकास नहुने उनको दाबी छ । तर सरकारले ठूला दातृ निकायसँग ऋणमा पैसा लिएर परियोजना खडा गर्छ, उनी भन्छन्, जसबाट सीमित मान्छेले लाभ प्राप्त गर्ने, तर उत्पादन र उत्पादकत्वमा पटक्कै टेवा पुर्याएन । यसमा सम्बन्धित सबैले आत्मआलोचना गर्नुपर्छ । अधिकारीकाअनुसार एकातर्फ अनुदान लगायतबाट खर्च भैरहने अर्कोतर्फ उत्पादन नबढ्दा आयात भने बढिरहने हो भने अब मोडल परिवर्तन गर्नुपर्छ । कृषिविज्ञ शिवसुन्दर घिमिरे सरकारी अनुदानको न्यायोचित वितरण जरुरी भएको औंल्याउँछन् । अनुदान प्रवाह भएपछि सरकारले अनुगमनमा कडाइ गर्न पनि जरुरी भएको र यसो भएमा दुरुपयोग रोकिने उनको भनाइ छ । कतिपय एउटै किसानले ३४ शिर्षकमा प्रदेश र स्थानीय तहबाट अनुदान लिएको हुनसक्ने भएकाले उक्त अनुदान गएको कृषकको संख्या दोहोरिएको उनले औंल्याए । यसकारण सरकारले सबैभन्दा पहिला किसान शुद्धीकरण गर्नुपर्छ, घिमिरे भन्छन्, किसानहरको सूचीअनुसार अनुदान दिनुपर्छ । सहकारी र समूहलाई मात्रै २० अर्ब अनुदान मन्त्रालयअन्तर्गत सञ्चालित स्वदेशी तथा विदेशी लगानीमा सञ्चालित परियोजनामार्फत कृषि सहकारी, कृषि समूह तथा कृषि फर्ममार्फत १० अर्ब ५८ करोड ७६ लाख ४६ हजार रुपैयाँ अनुदान प्रवाह भएको जनाइएको छ । यो ५ वर्ष यताको तथ्यांक हो । कृषिमन्त्री रामनाथ अधिकारीले आर्थिक वर्ष ०७६७७ देखि २०८०८१ सम्म मन्त्रालयबाट अनुदान लिने कृषि सहकारी, कृषि समूह तथा कृषि फर्महरूको नाम पनि सार्वजनिक गरेका छन् । मन्त्री अधिकारीले ५ वटा आयोजनाबाट अनुदान रकम प्रवाह भएको जानकारी दिए । जसमा प्रधानमन्त्री कृषि आधुनिकीकरण परियोजना, रानी जमरा गुलरिया सिँचाइ आयोजना कृषि कार्यक्रम कार्यान्वयन एकाइ, कृषि क्षेत्र विकास कार्यक्रम, नेपाल लाइभस्टक इनोभेसन आयोजना र खाद्य तथा पोषण सुरक्षा सुधार आयोजना छन् । प्रधानमन्त्री कृषि आधुनिकीकरण परियोजनाबाट ६ अर्ब ६१ करोड ९५ लाख ३१ हजार रुपैयाँ रकम प्रवाह भएको छ । उक्त रकम १ लाख ४१ हजार ६ सय ७० कृषि सहकारी, कृषि समूह तथा कृषि फर्महरूले लगेको कृषिमन्त्री अधिकारीले जानकारी दिए । रानी जमरा गुलरिया सिँचाइ आयोजना कृषि कार्यक्रम कार्यान्वयन एकाइबाट १८ करोड ४८ लाख ६१ हजार रुपैयाँ प्रवाह भएको छ, त्यसबाट २१ हजार ४ सय ५० कृषि सहकारी, समूह, फर्महरूले रकम लगेका हुन् । त्यस्तै, कृषि क्षेत्र विकास कार्यक्रमबाट ८० करोड १९ लाख ६१ करोड रुपैयाँ अनुदान दिइएको छ । त्यस कार्यक्रममार्फत २७ हजार ६ सय ५० कृषि सहकारी, कृषि समूह तथा कृषि फर्महरूले रकम लगेका छन् । नेपाल लाइभस्टक इनोभेसन आयोजनाबाट १ अर्ब ९२ करोड ७५ लाख १३ हजार रुपैयाँ प्रवाह भएको छ । त्यसबाट ११ हजार १ सय ५० कृषि सहकारी, कृषि समूह तथा कृषि फर्महरूलाई रकम वितरण भएको मन्त्रालयले जनाएको छ । खाद्य तथा पोषण सुरक्षा सुधार आयोजनाबाट १ अर्ब ५ करोड ३७ लाख ७९ हजार रुपैयाँ प्रवाह भएको छ । ४६ हजार २ सय २६ कृषि सहकारी, कृषि समूह तथा कृषि फर्महरूले रकम वितरण भएका छन् । उखु कृषक प्रोत्साहन अनुदानमार्फत ४ अर्ब ७ करोड २४ लाख २० हजार रुपैयाँ यसबीचमा वितरण भएको मन्त्री अधिकारीले जानकारी दिए । त्यस्तै, कृषि बिमाको प्रिमियम अनुदानतर्फ ५० करोड ४८ लाख ८२ हजार, पशुपन्छी तथा मत्स्य बिमाको प्रिमियम अनुदानतर्फ ५ अर्ब १३ करोड ८० लाख ६६ हजार रुपैयाँ प्रवाह भएको पनि पत्रकार सम्मेलनमा जानकारी दिए । यस अवधिमा प्रत्यक्ष र अप्रत्यक्ष गरी दुई प्रकारका अनुदान प्रवाह भएका छन् । जसमा जम्मा १ खर्ब ७ अर्ब ६६ करोड २७ लाख ८९ हजार रुपैयाँ रहेको छ । त्यसमध्ये प्रत्यक्षतर्फ ९ यस मन्त्रालयअन्तर्गत सञ्चालित स्वदेशी तथा विदेशी लगानीमा सञ्चालित परियोजनामार्फत कृषि सहकारी, कृषि समूह तथा कृषि फर्मलाई वितरण गरिएको अनुदान १० अर्ब ५८ करोड ७६ लाख ४६ हजार रुपैयाँ रहेको छ । त्यस्तै प्याक्ट परियोजनाबाट १ हजार २ सय २३ कृषि सहकारी, कृषि समूह तथा कृषि फर्मले अनुदान लिएका छन । जसअन्र्तगत २ अर्ब १० करोड २६ लाख रुपैयाँ अनुदान प्रवाह भएको मन्त्रालयले जनाएको छ । विगतमा फेज आउट भएका परियोजनामार्फत पनि अनुदान रकम प्रवाह भएका छन् सो को विवरण भने चाँडै सार्वजनिक गरिने कृषिमन्त्री अधिकारीले प्रतिबद्धता जनाए । कृषि अनुदान लगेर दुरुपयोग गरिएको छ भने कारबाही हुन्छ र हुनुपर्छ । यसमा सबैको सहयोग चाहिन्छ । पारदर्शिताले मात्र शासन व्यवस्था र सरकारप्रति जनताको विश्वास र भरोसा जागृत हुन्छ । प्रदेश र स्थानीय सरकारलाई पनि कृषि अनुदान लिने संघसंस्था, सहकारी र व्यक्तिको नाम सार्वजनिक गर्न अपिल गर्दछु । रामनाथ अधिकारी, कृषि तथा पशुपन्छी विकासमन्त्री राज्यले कृषि क्षेत्रमा दिएको अनुदान छरपष्ट छ । कृषिका निकायहरू बाँडिए । स्थानीय तहमा गए । तर, त्यहाँ प्राविधिक छैनन् । जनप्रतिनिधिलाई जिम्मेवार बनाइएको छ, तर त्यहाँ आफ्ना मान्छे भन्न थालियो । प्रदेश तहमा पनि स्थापित छैन । संघले नै प्राविधिक पक्षमा गाइड गर्नुपर्ने अवस्था छ । डा गोविन्दप्रसाद शर्मा  सचिव, कृषि तथा पशुपन्छी मन्त्रालय कृषिमा सरकारले दिने बजेट नै कम छ । उत्पादन क्षेत्रमा जाने अनुदान बजेट त अत्यन्तै कम छ । परियोजनामा आधारित अनुदानको मोडल नै वास्तविक किसानभन्दा पनि अनुदान पाउनका लागि किसान बनेकाहरूले पाउने खालको व्यवस्था हुन गयो । सीमित मान्छेले लाभ प्राप्त गर्ने तर उत्पादन र उत्पादकत्वमा पटक्कै टेवा पुगेन । सरकारले यसबारे आत्म आलोचना गर्नुपर्छ । उद्धव अधिकारी, किसान अभियन्ता"""
"प्रि ओपन सेसनमा नेप्से परिसूचक सामान्य अंकल बढ्यो","काठमाडौं : प्रि ओपन सेसनमा नेप्से परिसूचक सामान्य अंकले बढेर बन्द भएको छ । साताको दोस्रो कारोबार दिन सोमबार प्रि ओपन सेसनमा नेप्से परिसूचक ०३७ अंकले बढेर २६१००५ विन्दुमा पुगेर बन्द भएको हो । यो समयमा ४२ स्क्रिप्सको १ हजार २१३ कित्ता सेयर ११ लाख ४९ हजार २१३ रुपैयाँमा खरिदबिक्री भए । प्रि ओपन सेसनमा १२ स्टक्सको मूल्य बढ्यो भने २७ वटाको घट्यो । बाँकी २ स्टक्सको मूल्य भने यो समयमा स्थिर रह्यो । फूलबारीबंगलाबन्ध जाने नेपाली गाडीको भारवहन सीमा हट्ने,""नेपालभारत वाणिज्य सचिवस्तरीय अन्तरसरकारी समितिको बैठकले काँकडभिट्टा फूलबारीबंगलाबन्ध हुँदै आवतजावत गर्ने नेपाली मालवाहक सवारी साधनमा लगाइएको भार बहनको सीमा हटाउने सहमति गरेको छ । राजधानीमा शनिबार सम्पन्न दुई दिने बैठकले यस्तो सहमति गरेको उद्योग मन्त्रालयका प्रवक्ता बाबुराम अधिकारीले जानकारी दिए । सहमतिअनुसार नेपाली मालबाहक गाडीले पनि भारतीय गाडी सरह उक्त सीमा क्षेत्रमा आवतजावत गर्न पाउने छन् । सचिवस्तरीय समिति बैठकको काम छलफल गर्ने र आवश्यक निर्देशन दिने भएको मन्त्रालयका प्रवक्ता अधिकारीले बताए । यो सहमतिका आधारमा पत्राचार भएपछि मात्र सम्बन्धित निकायले कार्यान्वनयन गर्ने प्रक्रिया सुरु हुने बताए । उद्योग, वाणिज्य तथा आपूर्ति मन्त्रालयले सार्वजनिक गरेको १५ बुँदे सहमतिमा नेपालभारतबीचको पारवहन सन्धि संशोधन गरी विराटनगर तथा भैरहवाबाट रेलमार्फत सबै किसिमका कार्गो ढुवानी गर्न पाउने व्यवस्थाका लागि नेपालले पठाएको लेटर अफ एक्सचेन्ज चाँडो टुंग्याउने विषयमा सहमति भएको छ । दुई देशका सचिवस्तरीय अन्तर सरकारी समितिको बैठकमा पारवहन सन्धिको नवीकरण तथा रेल सेवा सम्झौताको संशोधनका विषयमा पनि छलफल भएको थियो । यस्तै, नेपालले वाणिज्य सन्धि पुनरावलोकन गर्न पनि आग्रह गरेको थियो । नेपाली वस्तु निर्यातमा भारतले लगाउँदै आएको परिणामात्मक बन्देज हटाउन नेपालले आग्रह गरेको थियो । उक्त सन्धिअनुसार, सन् २००२ देखि वनस्पति घिउ, तामाका वस्तु, जिंक अक्साइड र एक्रेलिक यार्नमा भारतले परिणात्मक बन्देज लगाउँदै आएको छ । वनस्पति घिउ १ लाख टन, यार्न १० हजार टन, तामाका भाँडा १० हजार टन र जिंक अक्साइड २ हजार ५ सय टनसम्म मात्रै नेपालले भारत निर्यात गर्न सक्ने उल्लेख छ । नेपाल भारतबीचको वाणिज्य सन्धि पुनरावलोकनका विषयमा चौथो चरणको वार्ता छिट्टै गर्ने, पारवहन सन्धिलाई कार्यान्वयनमा ल्याउन नेपालद्वारा प्रेषित लेटर अफ एक्चेन्जलाई छिट्टै निष्कर्षमा पुर्याउने निर्णय भएको मन्त्रालयका प्रवक्ता अधिकारीले बताए । यस्तै, सचिवस्तरीय बैठकमा भारतमा निकासी गर्ने जुत्ता, प्लाइउड, यार्न, सेनेटरी प्याड, सिमेन्ट, जस्तापाता र स्टिलजन्य वस्तुहरूमा बीआईएस (ब्युरो अफ इन्डियन स्ट्यान्डर्ड) प्रमाणपत्र अनिवार्य गरेको विषयमा पनि छलफल भएको थियो । बीआइएस प्रमाणपत्र दिन वा नवीकरण गर्न भारतीय पक्षबाट हुने ढिलाइ हटाउन नेपालले आग्रह गरेको थियो । भारतमा निकासी हुने यी नेपाली वस्तुहरूको सहज निकासीका लागि प्राथमिकताका आधारमा बीआईएस प्रमाणपत्र जारी गर्ने र नवीकरण गर्ने प्रक्रियालाई तीव्रता दिन भारतीय पक्ष सहमत भएको छ । पहिलो दिनको बैठकमा नेपालमा उत्पादन नहुने पशुजन्य खाद्य पदार्थको भारतबाट हुने आयातलाई सहजीकरण गर्ने सहमति भएको थियो । नेपालको गुणस्तर तथा नापतौल विभाग र भारतको ब्युरो या इन्डियन स्ट्यान्डर्डस् तथा नेपालको खाद्य प्रविधि तथा गुण नियन्त्रण विभाग र भारतको समकक्षी निकायसँग पारस्परिक सहयोग अभिवृद्धि गरी वस्तुको गुणस्तर निर्धारण तथा परीक्षण, प्रमाणीकरण र पारस्पारिक मान्यताको प्रक्रियालाई अगाडि बढाउने, औषधिको आयात निर्यातलाई व्यवस्थित गर्ने, भन्सार प्रक्रियालाई सहजीकरण गर्ने, दुवै पक्षका विषयगत संयन्त्रयहरूमार्फत सम्बन्धित विषयहरू समयमै टुंग्याउँदै जाने लगायतका विषयमा सहमति भएको थियो । बैठकमा नेपाली प्रतिनिधिमण्डलको नेतृत्व उद्योग, वाणिज्य तथा आपूर्ति मन्त्रालयका सचिव गोविन्दबहादुर कार्की र भारतीय प्रतिनिधिमण्डलको नेतृत्व वाणिज्य तथा उद्योग मन्त्रालयका सचिव सुनील बर्थवालले गरेका थिए । बैठकमा दुवै देशका वाणिज्य, कृषि तथा खाद्य प्रविधि, गुणस्तर नियन्त्रण, क्वारेन्टाइन, भन्सार, औषधि व्यवस्था, सडक पूर्वाधार र रेल, ल्यान्ड पोर्टलगायतका सरकारी निकायका प्रतिनिधिहरू सहभागी थिए ।"""
"""नेप्से परिसूचक दोहोरो अंकले घट्यो","कारोबार रकम बढ्यो"",""काठमाडौं : नेप्से परिसूचक दोहोरो अंकले घटेर बन्द भएको छ । साताको दोस्रो कारोबार दिन नेप्से परिसूचक १५५४ अंकले घटेर २५९४१३ विन्दुमा अडिएको हो । नेप्से घटे पनि कारोबार रकम आइतबारको तुलनामा बढेको छ । यसदिन ३२२ स्क्रिप्सको १ करोड ३८लाख ७० हजार ५७९ कित्ता सेयर ६ अर्ब ६५ करोड ८ लाख ८३ हजार १०३ रुपैयाँमा खरिदबिक्री भए । आइतबार २५ अंकले घटेको सेयर बजारमा ३ अर्ब बराबरको सेयर कारोबार भएको थियो । आज एउटा मात्रै कम्पनीको सेयर सकारात्मक सर्किट लेभलमा कारोबार भयो । बराही हाइड्रोपावरको सेयर १० प्रतिशतले बढयो । सुपर मादी हाइड्रोपावरको सेयर ८९७ प्रतिशतले बढ्दा नारायणी डेभलपमेन्ट बैंकको ८८१,सपोर्ट माइक्रोफाइनान्स वित्तीय संस्थाको ८४१ र नेपाल एसबीआई बैंकको ७३० प्रतिशतले बढ्यो । आत्मनिर्भर लघुवित्त वित्तीय संस्था र सिन्धु विकास बैंकको सेयर १० प्रतिशतले बढ्यो । यसैगरी रिभर फल्स पावरको सेयर ८३६ प्रतिशतले बढ्दा कुमारी धनवृद्धि योजनाको ४६३ ले बढ्यो । कारोबार रकमका आधारमा एनआरएन इन्फ्रास्टक्चर एण्ड डेभलपमेन्ट शीर्षस्थानमा रह्यो । सो कम्पनीको ४५ करोड २५ लाख मूल्य बराबरको सेयर कारोबार भयो । न्यादी हाइड्रोपावरको २८ करोड मूल्य बराबरको सेयर कारोबार हुँदा हिमालयन पावरले १५ करोड,सिन्धु विकास बैंकले १३ करोड र सानिमा मिडल तमोर हाइड्रोपावरले १२ करोडको सेयर कारोबार गरे । कारोबारमा आएकामध्ये ६३ स्टक्सको मूल्य बढ्दा १७५ वटाको घट्यो । बाँकी ५ स्टक्सको मूल्य भने स्थिर रह्यो । यसदिन सबै समूहका उपसूचक नकारात्मक देखिएका छन् । फाइनान्स,होटल्स एण्ड टुरिजम र ट्रेडिङ समूहको उपसूचक १ प्रतिशत बढिले घटे ।"""
